person 0.0002 0.3498 0.1753 0.5406 0.511
remote 0.6731 0.5233 0.7881 0.7296 0.966
person 0.1925 0.1847 0.9465 0.9957 0.962
remote 0.3604 0.4763 0.4396 0.6561 0.571
chair 0.6348 0.8505 0.9201 0.9996 0.936
person -0.0001 0.3728 0.1043 0.5255 0.628
tv -0.0006 0.2971 0.2254 0.6092 0.848
remote 0.6928 0.5224 0.7899 0.5731 0.501
remote 0.336 0.5249 0.3993 0.6525 0.584
remote 0.6896 0.5716 0.7775 0.7038 0.571
person 0.8158 0.1926 0.9999 0.9944 0.938
person 0.0957 0.3227 0.2133 0.5533 0.788
person 0.2143 0.1841 0.6513 0.8226 0.522
person 0.6515 0.1925 1.0002 0.9962 0.683
remote 0.6887 0.5231 0.7855 0.6162 0.679
