person 0.0916 0.2689 0.1518 0.4131 0.858
person -0.0001 0.2604 0.0362 0.4042 0.82
chair 0.0888 0.3043 0.1482 0.4257 0.903
sports ball 0.5086 0.4848 0.5465 0.5304 0.683
person 0.3827 0.2845 0.4466 0.4386 0.913
baseball glove 0.936 0.5466 0.9712 0.5928 0.722
person 0.5796 0.185 0.6859 0.5618 0.997
person 0.1952 0.4198 0.263 0.5362 0.749
person 0.3012 0.3833 0.5134 0.7712 0.999
person 0.8293 0.3388 0.8762 0.4313 0.602
baseball bat 0.487 0.7196 0.5592 0.7525 0.57
baseball glove 0.9394 0.5375 0.9818 0.5848 0.544
person 0.6308 0.9336 0.8002 0.9999 0.501
chair 0.0823 0.3199 0.1266 0.4196 0.853
person 0.8472 0.6805 0.9635 0.8735 0.782
chair 0.0208 0.2948 0.0605 0.4068 0.941
chair 0.0001 0.2941 0.0531 0.4158 0.914
baseball bat 0.2508 0.52 0.3 0.557 0.622
person 0.126 0.2882 0.182 0.4644 0.574
person 0.486 0.3241 0.5623 0.4733 0.975
baseball bat 0.2575 0.4945 0.3443 0.5796 0.995
person 0.163 0.3029 0.2465 0.5555 0.947
person 0.8043 0.6905 0.9925 0.997 0.953
person 0.3862 0.2812 0.4421 0.4015 0.676
person 0.6396 0.7871 0.9652 0.997 0.786
person 0.3985 0.3375 0.4628 0.4576 0.672
sports ball 0.5105 0.6463 0.53 0.6777 0.934
person 0.8144 0.3367 0.8855 0.4399 0.973
baseball bat 0.1148 0.4258 0.852 0.6831 0.526
person 0.2419 0.2809 0.292 0.3791 0.762
person 0.923 0.3645 0.9999 0.7317 0.814
person 0.1797 0.3042 0.2481 0.478 0.926
person 0.2317 0.2771 0.2906 0.4163 0.898
chair 0.84 0.5511 0.9561 0.7011 0.605
person 0.9357 0.7697 1.0 0.9996 0.771
baseball bat 0.6838 0.8755 0.8137 0.932 0.976
person 0.8312 0.3385 0.8836 0.4366 0.659
person 0.3087 0.2842 0.3876 0.511 0.98
chair 0.1191 0.297 0.156 0.4208 0.811
person 0.9056 0.3568 1.0 0.741 0.957
chair 0.1596 0.3625 0.195 0.4435 0.553
backpack 0.6984 0.4795 0.7725 0.5239 0.832
baseball bat 0.6975 0.8604 0.8305 0.9281 0.908
