dining table 0.0003 0.4822 0.0907 0.5246 0.569
person 0.4766 0.1982 0.9183 0.7906 0.983
person 0.0611 0.1839 0.9164 0.8968 0.846
person 0.9588 0.3467 0.9999 0.6162 0.881
wine glass 0.9433 0.7688 1.0 0.8922 0.729
dining table 0.0009 0.4779 0.0901 0.507 0.523
chair 0.0001 0.4824 0.0905 0.6398 0.981
person 0.051 0.1788 0.6042 0.8942 0.629
dining table 0.0002 0.7672 1.0002 0.9947 0.991
cake 0.4679 0.7738 0.855 0.9758 0.999
fork 0.303 0.8562 0.3759 0.9544 0.575
potted plant 0.8239 0.4249 0.9998 0.604 0.687
chair 0.8273 0.4093 0.9397 0.4511 0.65
