person 0.1 1.13 45.59 262.75 0.959
person 113.9 186.19 380.41 613.02 0.994
person 307.0 1.57 366.77 69.01 0.583
person 255.11 11.29 309.4 142.49 0.706
person 385.12 43.24 435.98 132.74 0.504
suitcase 34.42 179.35 101.29 283.08 0.8
bench 0.54 228.75 190.39 607.69 0.929
person 224.66 14.35 304.78 152.08 0.778
person 386.09 23.45 430.02 70.18 0.546
person 200.65 0.71 243.01 67.45 0.823
person 200.85 2.13 246.7 84.06 0.826
person 408.41 53.71 436.0 115.16 0.562
tie 216.65 314.86 259.11 388.37 0.509
person 213.3 13.95 307.97 168.7 0.901
person 254.59 10.28 304.9 59.81 0.583
bench 254.87 135.99 428.19 379.51 0.657
bench 4.26 139.66 432.06 609.03 0.951
person 362.93 46.42 434.96 189.16 0.955
person 381.32 37.27 430.47 97.37 0.78
bench 0.18 306.34 105.73 497.13 0.551
person 337.08 6.16 385.13 74.36 0.534
person 51.88 -0.51 213.46 258.23 0.95
bench 70.95 126.82 433.59 417.27 0.683
suitcase 32.91 182.09 97.53 277.33 0.519
person 313.02 11.29 378.45 137.82 0.948
