chair 169.96 137.19 350.67 314.71 0.728
mouse 336.34 244.45 363.86 261.5 0.584
person 199.44 62.52 375.87 407.93 0.993
laptop 41.48 250.7 235.68 436.59 0.973
chair 0.65 3.22 144.15 169.61 0.968
chair 447.79 86.62 556.28 221.31 0.983
chair 155.69 138.39 262.19 361.04 0.928
laptop 45.34 227.45 243.29 440.05 0.904
laptop 377.85 200.75 574.74 396.53 0.702
chair 165.21 140.57 299.2 333.42 0.693
laptop 378.37 197.34 580.54 332.38 0.841
mouse 320.4 347.9 349.97 374.76 0.98
keyboard 90.64 327.78 214.93 411.32 0.888
chair -0.01 188.9 35.48 389.93 0.974
laptop 375.02 197.98 577.97 381.57 0.904
keyboard 292.17 265.48 392.97 321.7 0.783
chair 65.15 5.72 154.39 141.17 0.631
laptop 293.8 212.18 524.3 329.77 0.894
chair 570.56 1.14 639.88 138.55 0.613
chair 162.94 138.45 239.07 321.08 0.913
mouse 70.67 372.1 121.99 414.13 0.505
chair 165.21 139.98 354.87 379.82 0.685
chair 523.33 1.58 639.66 183.26 0.974
mouse 317.68 343.4 350.39 374.78 0.805
tv 370.84 0.51 512.45 70.63 0.509
