truck 0.0002 0.3572 0.0871 0.4328 0.518
person 0.1812 0.463 0.2108 0.5178 0.905
person 0.4814 0.427 0.5112 0.4814 0.845
car 0.4375 0.3229 0.5262 0.3523 0.877
person 0.641 0.4115 0.6707 0.4612 0.821
person 0.4366 0.7118 0.4795 0.7578 0.668
person 0.3025 0.3404 0.3208 0.386 0.773
person 0.3206 0.4331 0.3467 0.4927 0.522
person 0.5269 0.414 0.5587 0.4709 0.832
person 0.2548 0.447 0.2904 0.5137 0.903
bus 0.1009 0.331 0.7859 0.7254 0.996
person 0.4106 0.4346 0.4406 0.4931 0.685
person 0.5798 0.4094 0.6077 0.4659 0.705
person 0.1941 0.4625 0.2258 0.5188 0.909
person 0.1325 0.3483 0.1565 0.3999 0.925
person 0.2194 0.4657 0.2482 0.5166 0.701
person 0.5039 0.4146 0.5288 0.4793 0.59
person 0.5623 0.4238 0.5909 0.4679 0.689
person 0.3154 0.4515 0.3489 0.5088 0.845
bus 0.098 0.3603 0.7277 0.7232 0.649
person 0.3389 0.4365 0.373 0.5009 0.871
person 0.385 0.4376 0.4134 0.4913 0.758
car -0.0 0.5501 0.0082 0.6218 0.587
person 0.3682 0.4368 0.3997 0.4942 0.83
car 0.2218 0.675 0.6043 0.8779 1.0
person 0.5438 0.4198 0.5746 0.4697 0.743
person 0.4465 0.4343 0.4711 0.4813 0.506
person 0.3623 0.4365 0.3956 0.4937 0.765
person 0.5201 0.4227 0.5498 0.4717 0.717
person 0.2544 0.4539 0.2874 0.5132 0.727
car -0.0 0.3566 0.0868 0.434 0.998
person 0.5869 0.4147 0.6135 0.467 0.604
person 0.6094 0.414 0.6347 0.4667 0.635
person 0.4932 0.4257 0.5203 0.4787 0.733
person 0.4664 0.4305 0.4933 0.4797 0.769
car 0.1407 0.3517 0.2492 0.4011 0.945
person 0.2813 0.4417 0.3125 0.51 0.834
person 0.3017 0.3405 0.3198 0.3861 0.528
person 0.301 0.4448 0.3363 0.5096 0.877
person 0.3081 0.445 0.3347 0.5083 0.614
person 0.4281 0.4352 0.4602 0.4925 0.881
person 0.219 0.4464 0.25 0.5154 0.799
person 0.2259 0.4593 0.2624 0.517 0.936
person 0.673 0.4064 0.6978 0.4566 0.504
person 0.4136 0.4363 0.4473 0.4954 0.933
person 0.4653 0.4291 0.4936 0.4812 0.822
person 0.6307 0.4125 0.6596 0.4631 0.827
