car 41.79 206.28 79.19 215.93 0.795
person 359.38 222.64 385.06 246.2 0.503
traffic light 215.38 196.37 232.36 215.32 0.915
traffic light 595.24 164.86 612.08 191.28 0.795
car 103.17 213.8 153.3 229.81 0.858
car 316.4 244.86 514.08 315.42 0.992
traffic light 597.02 164.58 611.95 184.84 0.704
car 11.9 204.49 78.69 217.53 0.694
traffic light 4.26 164.01 19.17 187.74 0.978
car 2.36 205.76 36.75 216.27 0.779
truck 0.38 218.04 193.65 381.26 0.831
traffic light 494.24 109.56 517.86 163.0 0.591
truck 105.89 194.77 225.65 234.83 0.543
traffic light 483.1 112.22 507.61 160.78 0.995
car 0.37 217.7 192.15 380.75 0.967
traffic light 596.03 117.33 612.58 138.25 0.896
traffic light 356.85 213.0 365.54 221.65 0.697
truck 391.14 202.71 480.7 254.99 0.599
car 412.78 234.18 502.23 267.91 0.966
truck 333.76 216.83 424.22 252.44 0.529
person 616.19 230.67 639.97 295.19 0.996
car 98.88 211.91 154.88 228.38 0.577
traffic light 523.72 196.5 535.24 211.74 0.934
truck 436.6 208.2 594.58 265.73 0.822
traffic light 361.91 213.23 371.12 221.5 0.769
truck 404.93 195.36 607.48 265.37 0.946
traffic light 359.07 213.57 368.41 223.38 0.637
traffic light 519.76 196.33 531.14 211.54 0.833
traffic light 487.34 132.38 508.88 165.25 0.655
