boat 562.46 64.2 592.65 75.71 0.763
boat 0.11 118.38 51.93 134.58 0.923
boat 311.09 111.14 430.19 130.09 0.755
boat 460.27 72.27 493.22 85.31 0.743
boat 495.15 114.75 532.02 126.7 0.648
boat 230.97 114.13 316.76 127.5 0.929
boat 393.75 107.87 466.29 125.6 0.705
person 557.8 101.02 566.48 115.51 0.719
person 437.52 224.32 490.7 320.22 0.849
boat 603.18 62.53 626.36 79.84 0.521
person 321.84 229.95 359.6 300.9 0.667
boat 504.42 78.07 565.49 114.52 0.879
person 490.23 111.22 500.67 124.79 0.616
boat 521.08 67.66 551.79 80.31 0.861
boat 451.09 80.37 492.45 96.1 0.827
person 180.79 223.86 201.66 271.53 0.798
chair 375.66 272.17 426.05 322.75 0.702
boat -0.05 120.92 47.74 134.66 0.667
person 190.55 278.42 241.47 309.52 0.534
boat 50.23 211.46 215.29 267.18 0.968
boat 498.94 77.13 522.7 93.23 0.644
boat 385.84 92.84 455.77 110.26 0.658
person 307.4 225.65 337.71 310.95 0.991
boat 478.41 69.91 511.92 83.16 0.906
boat 47.7 212.63 287.89 266.77 0.622
person 315.11 229.98 345.9 301.68 0.635
person 466.7 229.95 502.13 307.64 0.855
boat 573.1 63.8 601.66 76.23 0.817
boat 258.29 108.42 336.57 124.9 0.63
boat 587.08 74.69 604.85 89.25 0.536
person 421.4 220.33 447.51 265.55 0.742
person 418.98 214.58 456.05 316.3 0.988
boat 506.84 96.27 554.7 115.23 0.946
person 218.17 274.19 270.56 308.58 0.846
boat 422.28 82.0 455.55 94.51 0.853
person 492.33 112.38 504.28 124.51 0.627
person 462.17 226.68 496.47 287.91 0.877
boat 42.22 230.6 565.98 286.5 0.821
person 334.0 225.98 368.19 297.46 0.963
person 520.64 222.88 554.02 308.37 0.992
boat 573.46 75.31 593.9 89.51 0.664
boat 155.15 119.38 269.82 130.03 0.776
person 554.87 100.69 563.54 115.5 0.765
person 540.16 117.96 549.73 127.79 0.669
boat 591.28 58.49 617.92 70.77 0.579
person 227.28 276.75 253.2 298.46 0.702
chair 393.42 269.72 439.23 322.74 0.783
boat 536.85 67.28 578.52 81.86 0.901
person 243.36 213.16 267.68 294.53 0.995
boat 393.13 89.58 428.16 102.86 0.825
boat 350.97 109.66 463.06 129.94 0.953
person 180.58 225.6 201.46 266.4 0.955
bench 320.6 244.04 406.9 292.43 0.512
person 340.19 225.3 364.91 263.31 0.963
