person 204.42 77.87 254.96 221.37 0.915
person 299.36 345.79 426.72 470.57 0.988
person 254.31 66.44 342.2 337.61 0.979
baseball bat 231.26 395.44 315.85 407.64 0.933
baseball bat 127.95 514.24 209.23 590.23 0.835
person 52.76 73.16 162.09 397.55 0.991
person 344.47 81.51 361.88 101.1 0.832
baseball bat 353.01 224.75 377.47 301.91 0.609
baseball bat 213.22 118.16 258.75 329.18 0.689
person 131.46 52.9 225.53 337.96 0.997
baseball glove 171.9 560.42 225.52 595.57 0.641
person 216.0 83.68 271.99 301.44 0.726
sports ball 42.27 317.07 61.14 331.38 0.974
baseball bat 245.81 390.59 401.51 406.89 0.981
person 257.3 94.35 277.18 116.99 0.501
person 490.91 70.08 509.74 100.39 0.905
sports ball 45.03 316.59 62.36 329.02 0.844
baseball bat 354.16 199.66 396.93 322.23 0.677
person 193.87 72.84 238.4 203.88 0.807
person 207.26 78.13 231.22 107.57 0.581
person 502.18 74.63 517.73 98.54 0.57
baseball bat 125.37 513.25 181.62 584.11 0.927
baseball bat 209.75 205.57 244.22 329.23 0.778
baseball bat 335.63 392.7 416.07 407.36 0.866
person 505.31 73.01 520.91 97.72 0.526
person 192.2 74.9 257.84 316.44 0.557
sports ball 155.45 352.35 169.32 375.29 0.838
baseball bat 394.81 254.44 429.22 317.41 0.554
baseball bat 237.87 391.09 347.1 404.27 0.504
baseball bat 348.78 391.8 412.02 403.72 0.896
