traffic light 0.0744 0.4544 0.0967 0.4709 0.581
person 0.0211 0.6831 0.0641 0.7654 0.834
person 0.0568 0.7583 0.1089 0.8079 0.66
person 0.0057 0.6856 0.0485 0.7495 0.853
person 0.1089 0.7428 0.1462 0.7788 0.877
boat 0.1863 0.532 0.3654 0.6587 0.777
person 0.1175 0.8266 0.1669 0.9049 0.587
person 0.0001 0.6869 0.0241 0.7447 0.726
person 0.0523 0.7386 0.106 0.7806 0.697
person 0.0359 0.6827 0.0665 0.7272 0.77
person 0.0217 0.8074 0.084 0.9513 0.649
car 0.0087 0.5266 0.0576 0.5461 0.521
person 0.0261 0.678 0.0571 0.7182 0.881
person 0.0883 0.7785 0.1554 0.9184 0.904
person 0.1413 0.749 0.1995 0.8944 0.976
person 0.1535 0.7354 0.1818 0.7654 0.775
person 0.0072 0.6689 0.0391 0.7044 0.557
boat 0.2055 0.6203 0.3702 0.6723 0.91
person 0.0001 0.6958 0.0304 0.759 0.755
person 0.028 0.6966 0.0642 0.7739 0.652
person 0.0511 0.7828 0.1218 0.9178 0.943
person 0.0195 0.8047 0.0863 0.9467 0.842
traffic light 0.0959 0.4627 0.1219 0.4872 0.589
boat 0.1862 0.5769 0.3646 0.6592 0.817
person 0.1506 0.7396 0.1899 0.7937 0.537
person 0.2066 0.786 0.2403 0.8462 0.591
person 0.1006 0.7493 0.1551 0.8131 0.852
