person -0.0 0.2094 0.0626 0.3231 0.894
cell phone 0.1442 0.2024 0.1774 0.3122 0.523
bench 0.5486 0.4097 0.9166 0.7647 0.543
person 0.2569 0.0448 0.7586 0.9768 0.985
chair 0.5831 0.2292 0.7236 0.3269 0.614
tennis racket 0.2478 0.5811 0.4252 0.9551 0.956
person 0.0667 0.0587 0.3211 0.3225 0.999
bench -0.0004 0.3318 0.7488 0.8998 0.732
bottle 0.5694 0.8188 0.6089 0.9651 0.978
tennis racket 0.2886 0.5818 0.4468 0.9633 0.545
person 0.5158 0.0014 0.7167 0.251 0.986
backpack 0.0007 0.3196 0.2549 0.6364 0.579
bench 0.0164 0.2961 0.8705 0.9783 0.502
bottle 0.5738 0.8203 0.6112 0.9679 0.57
bottle 0.5752 0.8156 0.622 0.9672 0.826
person 0.8186 0.0028 0.9998 0.971 0.999
cell phone 0.1493 0.2759 0.181 0.3085 0.87
bottle 0.6445 0.7677 0.7018 0.9695 0.953
