person 0.0049 0.4656 0.0846 0.5982 0.946
person 0.1161 0.491 0.169 0.5568 0.764
person 0.5374 0.5029 0.6065 0.5991 0.67
person 0.4569 0.4918 0.5071 0.5503 0.767
person 0.3789 0.4688 0.4371 0.527 0.501
person 0.5893 0.4815 0.6341 0.5352 0.804
person 0.8773 0.4972 0.9284 0.5592 0.565
person 0.7033 0.4827 0.7909 0.6072 0.947
person -0.0001 0.4818 0.0326 0.5903 0.568
person 0.1896 0.2776 0.4963 0.9542 1.0
person 0.46 0.5063 0.5084 0.5552 0.622
person 0.6436 0.5032 0.6864 0.5563 0.699
person 0.9001 0.4906 0.9572 0.5595 0.768
person 0.1208 0.49 0.1796 0.6002 0.636
person 0.0844 0.484 0.1382 0.5667 0.511
bench 0.87 0.5569 0.9772 0.5988 0.555
person 0.072 0.4712 0.1184 0.5234 0.577
person 0.0542 0.481 0.1379 0.5991 0.915
person 0.5799 0.4825 0.6193 0.5296 0.611
person 0.3543 0.5433 0.4583 0.7255 0.861
person 0.3801 0.5212 0.4586 0.5995 0.872
person 0.7787 0.4889 0.8773 0.6132 0.955
person 0.4445 0.4895 0.4828 0.5409 0.541
person 0.4744 0.4824 0.5124 0.5257 0.643
person 0.9563 0.4792 0.9999 0.5397 0.536
person 0.6121 0.5005 0.6649 0.559 0.733
bench 0.4189 0.574 0.5199 0.6134 0.662
person 0.6083 0.5018 0.6823 0.608 0.936
person 0.5724 0.5199 0.6643 0.6061 0.647
person 0.0276 0.4655 0.1168 0.6005 0.651
person 0.6882 0.4891 0.7587 0.6073 0.697
person 0.5005 0.4954 0.5672 0.6052 0.943
person 0.1324 0.4939 0.1896 0.6064 0.648
person 0.3444 0.4816 0.3987 0.5452 0.557
person 0.8614 0.4917 0.9111 0.556 0.741
person 0.3595 0.4812 0.4326 0.5605 0.659
person 0.1329 0.464 0.1766 0.5067 0.712
person 0.533 0.4715 0.5729 0.5204 0.512
person 0.1379 0.483 0.1894 0.5428 0.655
tennis racket 0.1989 0.5065 0.3107 0.6714 0.923
person 0.7133 0.4809 0.7718 0.5441 0.556
person 0.697 0.4782 0.7434 0.5334 0.707
