tv 36.42 1.58 117.72 112.61 0.793
pizza 85.75 431.85 157.68 477.42 0.622
person 189.48 62.91 251.27 162.59 0.978
pizza 447.53 361.53 510.71 394.97 0.837
pizza 522.53 375.88 596.16 418.18 0.622
person 277.99 106.78 611.37 359.02 0.952
person 259.62 229.94 609.92 366.8 0.722
pizza 173.05 533.83 270.52 572.75 0.571
pizza 322.72 508.27 427.54 564.89 0.588
dining table 1.13 166.07 267.93 398.37 0.552
person 422.14 65.63 473.84 115.09 0.666
tv 142.47 75.59 179.18 132.89 0.696
pizza 71.01 396.63 165.84 489.2 0.991
chair 216.94 186.21 285.79 327.27 0.767
bowl 456.81 440.82 611.93 569.45 0.639
cup 217.21 151.69 235.53 180.83 0.655
person 362.84 113.66 528.76 260.4 0.607
pizza 287.01 386.19 412.61 454.07 0.998
pizza 162.53 524.16 245.87 565.63 0.544
pizza 437.36 362.75 515.46 404.93 0.914
dining table 3.91 169.55 609.68 606.71 0.789
tv 149.9 81.02 185.92 135.96 0.702
person 261.93 247.37 388.62 343.15 0.899
chair 552.89 162.54 580.54 181.69 0.757
tv 143.14 78.04 187.13 136.26 0.776
person 336.51 108.19 611.12 354.82 0.808
pizza 89.71 397.58 160.56 440.52 0.66
pizza 155.15 518.17 281.37 580.44 0.98
cup 229.51 172.33 249.84 195.15 0.62
person 380.04 119.66 492.64 202.12 0.831
