person 0.11 0.4742 0.131 0.513 0.537
person 0.034 0.4836 0.0843 0.5531 0.652
person 0.0882 0.4988 0.1172 0.5471 0.937
person 0.1791 0.4813 0.2029 0.529 0.504
giraffe 0.5142 0.3501 0.6946 0.7045 0.946
person 0.0167 0.4962 0.0449 0.5565 0.701
person 0.1014 0.4976 0.1291 0.5475 0.761
person 0.0738 0.503 0.1043 0.5493 0.93
person 0.0637 0.5031 0.0928 0.5491 0.888
person 0.074 0.5028 0.0998 0.5453 0.799
person 0.1085 0.4769 0.1429 0.5667 0.539
giraffe 0.1998 0.2866 0.4961 0.757 0.895
person 0.2267 0.5019 0.2501 0.5499 0.567
person 0.1283 0.4693 0.1505 0.5085 0.822
person 0.1269 0.4649 0.18 0.5702 0.99
person 0.2287 0.5007 0.2516 0.5431 0.937
person 0.0001 0.497 0.0287 0.562 0.834
person 0.0 0.515 0.0182 0.5622 0.635
person 0.0317 0.4844 0.0874 0.5596 0.977
person 0.1288 0.473 0.1554 0.5301 0.836
person 0.1677 0.4777 0.2004 0.5426 0.766
person 0.1431 0.4616 0.168 0.5076 0.547
person 0.018 0.4855 0.0504 0.552 0.812
person 0.1107 0.4786 0.1376 0.5369 0.915
giraffe 0.6458 0.417 0.7824 0.6921 0.97
person 0.114 0.479 0.1439 0.5481 0.895
