banana 0.137 0.6127 0.312 0.7585 0.857
handbag 0.3692 0.0567 0.5141 0.3688 0.525
person 0.5208 -0.0005 1.001 0.5777 0.767
banana 0.2062 0.3479 0.6256 0.6305 0.898
banana 0.3165 0.6861 0.588 0.8081 0.853
banana 0.1392 0.5225 0.2588 0.6852 0.764
banana 0.1564 0.4546 0.6815 0.7682 0.876
banana 0.2456 0.4461 0.6395 0.6667 0.929
banana 0.124 0.3464 0.621 0.7651 0.902
banana 0.2393 0.4094 0.6571 0.6978 0.864
banana 0.0845 0.611 0.1831 0.7532 0.511
handbag 0.3621 0.0395 0.5555 0.3887 0.507
dining table 0.0001 0.4514 1.0001 0.9897 0.931
banana 0.3675 0.5656 0.6568 0.7204 0.836
person 0.518 0.0009 0.9998 0.4845 0.75
banana 0.3519 0.5074 0.6998 0.7313 0.768
banana 0.1704 0.6149 0.341 0.7607 0.587
banana 0.4016 0.5091 0.7008 0.6919 0.83
person 0.1551 -0.0003 0.5493 0.5691 0.937
person 0.542 -0.0 0.9972 0.4965 0.711
banana 0.3862 0.515 0.6805 0.7021 0.81
banana 0.1219 0.4945 0.7591 0.8035 0.604
