person 0.0002 0.3217 0.0662 0.8217 0.518
backpack 0.0069 0.3099 0.1877 0.7345 0.684
person 0.4585 0.5388 0.5217 0.6688 0.613
person 0.689 0.5832 0.7098 0.6277 0.696
person 0.5226 0.4663 0.6755 0.6921 0.808
car 0.1382 0.6625 0.9625 0.9912 0.771
person 0.0001 0.3315 0.0489 0.5667 0.513
person 0.0086 0.0414 0.3214 0.8432 0.752
person 0.0617 0.0432 0.4546 0.9091 0.952
person 0.0151 0.0473 0.3792 0.9638 0.746
person 0.3825 0.46 0.4835 0.677 0.875
person 0.3851 0.4525 0.4769 0.6636 0.525
car 0.051 0.664 0.9696 0.993 0.824
person 0.5367 0.4663 0.6749 0.6892 0.66
person 0.4511 0.5529 0.6107 0.7728 0.981
person 0.3848 0.4146 0.4989 0.67 0.92
person 0.812 0.3362 1.0 0.9918 0.993
person 0.113 0.0492 0.3982 0.691 0.614
person 0.0001 0.3359 0.0418 0.4727 0.846
person 0.0793 0.0485 0.4473 0.6862 0.869
person 0.6691 0.4638 0.8933 0.7386 0.995
person 0.6781 0.5825 0.6991 0.6321 0.679
