person -0.12 45.26 50.28 279.74 0.924
motorcycle 83.15 145.96 197.27 273.11 0.783
motorcycle 306.43 87.89 363.64 142.13 0.932
motorcycle 434.27 125.64 616.74 262.24 0.891
motorcycle 427.39 208.42 632.82 422.85 0.581
motorcycle 494.66 124.38 610.47 248.76 0.652
motorcycle 253.55 33.02 537.74 422.98 0.718
motorcycle 81.87 73.53 284.79 277.54 0.897
motorcycle 168.69 37.62 524.71 423.17 0.847
motorcycle 284.5 60.37 341.24 130.67 0.678
motorcycle 467.05 148.55 639.84 423.08 0.774
motorcycle 197.82 107.52 441.74 421.31 0.899
motorcycle 75.55 64.83 230.49 276.9 0.884
motorcycle 201.32 93.37 620.43 420.97 0.727
motorcycle 74.86 47.48 204.22 275.16 0.75
motorcycle 414.85 143.08 639.18 421.48 0.863
motorcycle 132.82 72.17 373.26 335.87 0.574
motorcycle 127.2 39.88 406.67 339.13 0.966
motorcycle 218.35 72.29 288.94 130.68 0.856
motorcycle 202.06 297.26 433.21 424.39 0.525
person 233.44 58.5 249.72 75.2 0.61
motorcycle 87.77 54.25 272.41 291.26 0.893
motorcycle 389.07 52.26 638.58 422.68 0.786
person 288.77 0.68 319.91 65.48 0.561
motorcycle 196.59 48.04 605.85 422.26 0.89
person 579.7 11.46 639.86 212.99 0.598
motorcycle 347.86 110.89 416.66 176.51 0.559
person 325.08 1.35 380.13 124.0 0.991
motorcycle 75.12 139.95 153.71 254.38 0.585
motorcycle 364.65 124.8 413.34 174.21 0.659
motorcycle 444.73 218.68 638.96 422.44 0.568
motorcycle 214.17 68.16 279.62 122.38 0.813
person 237.1 58.06 256.66 76.44 0.878
motorcycle 440.18 143.88 618.27 258.15 0.897
motorcycle 544.16 212.57 639.83 423.1 0.826
motorcycle 210.7 75.68 284.21 137.95 0.751
motorcycle 207.76 60.11 322.4 139.25 0.616
motorcycle 422.35 80.68 620.2 292.36 0.932
motorcycle 200.22 66.08 275.29 118.86 0.547
motorcycle 80.32 84.78 270.09 275.48 0.939
motorcycle 424.81 138.62 616.91 286.88 0.953
motorcycle 298.69 60.54 358.39 130.86 0.696
person 399.51 1.35 441.55 130.36 0.727
motorcycle 404.12 144.64 609.84 421.3 0.683
