sheep 0.5706 0.6044 0.6043 0.6728 0.544
sheep 0.6962 0.5864 0.7356 0.6866 0.727
sheep 0.6017 0.5847 0.6337 0.6204 0.635
sheep 0.4224 0.5676 0.4542 0.622 0.617
sheep 0.6482 0.5763 0.6753 0.6098 0.646
sheep 0.6305 0.5751 0.6577 0.6072 0.589
sheep 0.7774 0.5997 0.8175 0.7007 0.865
sheep 0.783 0.5729 0.8144 0.6322 0.502
sheep 0.7502 0.607 0.7885 0.7052 0.932
sheep 0.5812 0.5789 0.6091 0.6098 0.542
sheep 0.6408 0.6138 0.6743 0.699 0.844
sheep 0.4711 0.5845 0.5056 0.6374 0.83
sheep 0.4811 0.5807 0.5131 0.6371 0.648
car 0.254 0.5385 0.3221 0.5989 0.821
sheep 0.5151 0.6091 0.5429 0.6756 0.576
sheep 0.7344 0.6083 0.7755 0.7065 0.979
sheep 0.6132 0.5962 0.6472 0.6527 0.606
sheep 0.5631 0.6163 0.5974 0.7006 0.825
sheep 0.51 0.6124 0.541 0.6794 0.879
sheep 0.6039 0.6141 0.6459 0.7053 0.839
sheep 0.7034 0.5452 0.7404 0.6136 0.522
sheep 0.7966 0.5911 0.8317 0.7155 0.576
sheep 0.6621 0.5942 0.6965 0.6763 0.648
sheep 0.6742 0.5995 0.7113 0.6958 0.921
sheep 0.7658 0.6056 0.7974 0.7031 0.595
sheep 0.5837 0.614 0.6177 0.6988 0.773
sheep 0.4244 0.5636 0.4563 0.6193 0.797
sheep 0.8266 0.6054 0.8762 0.7287 0.968
sheep 0.7617 0.5547 0.7909 0.6103 0.579
sheep 0.4416 0.5613 0.4745 0.6266 0.719
sheep 0.756 0.5605 0.7869 0.6198 0.732
sheep 0.7241 0.5647 0.7672 0.6304 0.746
sheep 0.4564 0.5838 0.4841 0.6298 0.648
sheep 0.6461 0.6123 0.6833 0.7067 0.825
sheep 0.5474 0.6129 0.5779 0.6876 0.842
sheep 0.7197 0.6078 0.7555 0.6986 0.834
sheep 0.5342 0.6136 0.5627 0.6842 0.652
sheep 0.5524 0.5863 0.5811 0.6233 0.562
sheep 0.7008 0.5728 0.7408 0.6304 0.772
sheep 0.6852 0.6021 0.7184 0.6944 0.803
