person 366.24 306.39 375.65 329.36 0.871
person 462.73 299.29 472.32 325.57 0.683
person 556.93 281.66 565.84 299.98 0.655
kite 208.92 96.3 533.23 206.68 0.902
person 307.59 307.26 320.33 335.8 0.908
car 434.4 292.98 457.54 305.5 0.696
person 563.24 281.75 571.56 298.24 0.654
car 593.61 277.44 616.75 288.83 0.854
person 417.1 309.42 428.21 331.98 0.903
car 261.23 303.77 297.01 318.34 0.965
car 126.16 309.15 162.69 332.18 0.509
person 296.41 307.46 309.19 334.41 0.775
person 54.59 326.29 65.65 343.96 0.892
car 265.46 302.65 299.4 316.51 0.712
car 611.95 274.72 638.31 286.05 0.742
person 403.31 307.94 411.68 329.65 0.879
person 348.02 319.41 359.91 333.67 0.848
person 284.69 308.99 297.98 333.98 0.876
person 408.56 309.42 416.41 330.71 0.71
car 497.21 285.95 515.82 296.8 0.812
person 80.05 309.95 94.24 345.41 0.931
person 433.05 302.2 444.04 330.88 0.503
person 440.5 305.87 451.32 331.74 0.937
person 623.99 316.77 632.81 332.0 0.873
person 369.83 311.73 378.91 328.86 0.608
person 328.37 308.59 340.64 333.0 0.809
car 587.66 277.3 609.23 288.07 0.626
skateboard 215.64 99.52 284.25 193.41 0.516
car 531.17 283.15 555.24 294.72 0.829
person 625.0 315.67 633.5 331.89 0.745
car 509.28 285.71 532.5 297.81 0.746
car 226.68 305.43 255.35 320.34 0.757
person 419.61 310.22 431.55 331.42 0.723
person 514.0 293.65 523.23 313.82 0.966
person 317.02 304.99 329.83 333.7 0.799
person 154.75 309.63 163.74 331.41 0.793
person 311.11 304.83 323.67 333.62 0.841
person 359.83 305.58 369.24 331.09 0.594
car 470.98 289.58 493.54 299.8 0.783
car 455.1 292.45 474.34 302.6 0.652
person 443.68 308.35 453.87 331.19 0.866
