car 0.0826 0.3985 0.1593 0.4554 0.572
car 0.8009 0.6715 0.9367 0.9557 0.5
person 0.538 0.4015 0.5653 0.4722 0.811
person 0.6161 0.4289 0.6671 0.61 0.992
car 0.0 0.3633 0.0166 0.3992 0.866
person 0.2259 0.382 0.2526 0.4733 0.803
person 0.4733 0.426 0.6014 0.8895 0.995
person 0.4508 0.4116 0.4888 0.4757 0.517
person 0.548 0.4 0.5738 0.4551 0.807
car 0.8657 0.5092 0.9999 0.7089 0.818
car 0.1512 0.3839 0.2042 0.4566 0.897
bicycle 0.4715 0.673 0.5438 0.9106 0.507
car 0.7966 0.5142 0.9938 0.9546 0.501
car 0.0566 0.4074 0.1589 0.4987 0.915
person 0.5279 0.398 0.5571 0.462 0.855
person 0.3666 0.4309 0.5025 0.9059 0.997
umbrella 0.5095 0.3072 0.6539 0.3651 0.566
traffic light 0.1352 0.2558 0.1622 0.3259 0.887
person 0.2414 0.3809 0.2693 0.4759 0.984
car 0.2996 0.4164 0.4211 0.5219 0.98
car 0.7966 0.5079 0.9998 0.9818 0.993
car 0.0145 0.4247 0.0604 0.4909 0.762
person 0.4757 0.4048 0.5048 0.4443 0.797
car -0.0 0.3502 0.0176 0.3913 0.7
car 0.5695 0.4581 0.6193 0.5264 0.594
handbag 0.4664 0.5467 0.5577 0.6622 0.559
handbag 0.3382 0.5413 0.4041 0.7074 0.551
person 0.6135 0.4302 0.6594 0.609 0.794
car 0.0553 0.4009 0.1293 0.4545 0.872
car 0.061 0.406 0.1609 0.4989 0.887
person 0.6645 0.444 0.7041 0.5992 0.584
person 0.2003 0.362 0.2251 0.4137 0.797
umbrella 0.2595 0.2593 0.3455 0.3256 0.787
bus 0.049 0.2334 0.209 0.3908 0.625
person 0.2479 0.3829 0.2725 0.4729 0.625
traffic light 0.131 0.2565 0.1576 0.3253 0.783
person 0.6877 0.428 0.7394 0.6075 0.989
tie 0.4644 0.4877 0.4863 0.5888 0.789
person 0.5146 0.3976 0.5487 0.4461 0.626
umbrella 0.5048 0.3033 0.6491 0.3765 0.967
car 0.1674 0.3747 0.2124 0.4384 0.669
person 0.4879 0.4045 0.5184 0.4444 0.825
person 0.6364 0.4369 0.6757 0.5456 0.538
