motorcycle 0.1544 0.3782 0.2393 0.5071 0.729
person 0.3503 0.2629 0.4267 0.4515 0.764
person 0.361 0.2644 0.4188 0.3699 0.672
motorcycle 0.6894 0.5152 0.8657 0.7453 0.562
person 0.6897 0.3571 0.8325 0.7186 0.995
person 0.5725 0.3062 0.6807 0.5878 0.987
motorcycle 0.3542 0.3886 0.4395 0.5295 0.506
motorcycle 0.5715 0.4427 0.6902 0.5914 0.912
motorcycle 0.1887 0.3518 0.3806 0.5784 0.862
person 0.1366 0.2342 0.2243 0.4503 0.984
motorcycle 0.2585 0.322 0.4379 0.5329 0.616
motorcycle 0.2531 0.3903 0.3741 0.5748 0.853
person 0.2289 0.2835 0.342 0.5259 0.973
person 0.3447 0.2635 0.4349 0.5213 0.927
motorcycle 0.6834 0.4656 0.8545 0.7477 0.881
motorcycle 0.3622 0.3716 0.4373 0.5227 0.642
motorcycle 0.2591 0.3387 0.3944 0.5771 0.899
motorcycle 0.1319 0.3235 0.2338 0.5099 0.966
motorcycle 0.6055 0.4086 0.7014 0.5923 0.956
motorcycle 0.7169 0.5376 0.846 0.7472 0.863
person 0.5697 0.4056 0.6365 0.5831 0.62
person 0.1471 0.2362 0.2211 0.3981 0.716
stop sign 0.6948 0.1976 0.7618 0.3067 0.996
motorcycle 0.3269 0.3075 0.4348 0.5251 0.924
motorcycle 0.6452 0.4463 0.6998 0.5864 0.522
