bottle 0.1666 0.4729 0.2324 0.7364 0.65
cup 0.3629 0.909 0.4301 0.9999 0.962
bottle 0.2741 0.5317 0.325 0.7375 0.647
person 0.437 0.017 0.9788 0.9903 0.998
bowl 0.3685 0.687 0.4385 0.7718 0.885
chair 0.8215 0.8725 1.0001 0.9996 0.595
chair 0.9417 0.5908 0.9999 0.7945 0.509
cup 0.3651 0.8779 0.4308 0.9998 0.6
bottle 0.1665 0.4776 0.2373 0.7551 0.814
bowl 0.2498 0.7623 0.3386 0.8892 0.622
chair 0.2894 0.2492 0.5367 0.7101 0.68
cup 0.2554 0.8842 0.3386 0.9996 0.914
bicycle 0.4941 0.2457 0.5809 0.3852 0.541
bowl 0.1533 0.8273 0.2501 0.9457 0.977
dining table 0.003 0.6643 0.5523 0.9946 0.896
bowl 0.3688 0.7498 0.549 0.8791 0.577
cup 0.1163 0.686 0.1993 0.8363 0.796
bowl 0.2636 0.833 0.3354 0.905 0.701
cup 0.2692 0.9253 0.3458 1.0001 0.565
dining table 0.0134 0.5971 0.804 0.9904 0.582
chair 0.8049 0.2727 0.9997 0.9943 0.588
chair 0.9364 0.2763 0.9998 0.6628 0.683
chair 0.7227 0.8482 0.8344 0.9991 0.555
bowl 0.2567 0.7508 0.3303 0.8265 0.768
bottle 0.4434 0.8558 0.5069 0.9976 0.552
bottle 0.1711 0.4765 0.2263 0.677 0.97
chair 0.3042 0.2474 0.5369 0.7162 0.694
bottle 0.4437 0.8556 0.507 0.9936 0.665
