cup 33.68 270.28 71.46 312.86 0.947
car 558.79 112.92 612.07 150.54 0.523
chair 439.13 191.35 528.39 323.85 0.62
person 216.05 10.15 437.02 287.39 0.996
dining table 3.34 263.37 594.55 423.05 0.756
car 613.03 111.41 639.97 153.01 0.549
cat 220.88 193.34 539.73 402.64 0.988
car 613.66 114.49 639.99 153.0 0.721
dining table -0.05 237.76 639.93 423.85 0.571
car 568.15 112.83 621.08 150.89 0.529
truck 78.74 98.09 217.73 175.87 0.583
bottle 158.99 279.23 183.19 327.61 0.732
car 558.1 112.68 595.64 140.03 0.534
car 81.86 98.03 219.79 174.37 0.758
bowl 190.58 288.0 241.27 317.08 0.637
chair 420.02 316.13 596.64 401.16 0.587
