apple 0.6572 0.6483 0.8212 0.7358 0.667
apple 0.753 0.6744 0.8366 0.7355 0.843
bowl 0.0813 0.5159 0.7047 0.7735 0.649
cup 0.7655 0.5536 0.9905 0.6942 0.703
orange 0.7838 0.713 0.9865 0.8202 0.833
bowl 0.0885 0.5299 0.6927 0.7715 0.968
dining table 0.0002 0.6288 1.0002 0.9924 0.674
orange 0.4515 0.5757 0.6845 0.6702 0.718
apple 0.6837 0.5848 0.774 0.6411 0.679
apple 0.6361 0.6508 0.7158 0.6908 0.81
apple 0.5593 0.6928 0.7964 0.8269 0.943
orange 0.3883 0.6002 0.5867 0.6837 0.895
banana 0.2655 0.4943 0.4262 0.5776 0.607
apple 0.7256 0.6534 0.8177 0.7004 0.54
apple 0.7282 0.6624 0.8363 0.7385 0.836
apple 0.6974 0.6521 0.8219 0.7193 0.916
apple 0.5372 0.6245 0.9439 0.7883 0.746
orange 0.4225 0.6078 0.577 0.6785 0.676
apple 0.6792 0.648 0.7478 0.6793 0.862
