person 0.9623 0.6936 0.9982 0.865 0.595
airplane 0.4735 0.0026 0.9995 0.7141 0.54
person 0.9326 0.693 0.9602 0.8506 0.501
person 0.6936 0.7143 0.7324 0.8537 0.989
person 0.9844 0.709 1.0 0.8677 0.535
airplane 0.4981 0.5417 0.7778 0.8458 0.871
airplane 0.6433 0.4886 0.9984 0.7279 0.627
person 0.9446 0.6898 0.9761 0.8634 0.881
airplane 0.0019 0.131 0.5926 0.8289 0.562
airplane 0.0039 0.3804 0.4773 0.8314 0.635
person 0.8786 0.6958 0.9145 0.8597 0.558
person 0.6244 0.7258 0.651 0.8504 0.773
person 0.6926 0.7174 0.7293 0.8546 0.567
person 0.9607 0.6942 0.9894 0.8589 0.829
person 0.7478 0.6964 0.7712 0.7651 0.507
airplane 0.0002 0.0061 1.0002 0.8228 0.917
person 0.6571 0.7052 0.6905 0.8579 0.883
person 0.9407 0.686 0.9795 0.869 0.988
person 0.9797 0.7028 1.0 0.8612 0.582
person 0.8831 0.6949 0.9235 0.8634 0.982
person 0.8069 0.5821 0.8316 0.6546 0.711
