traffic light 0.4881 0.1964 0.5294 0.3034 0.991
person 0.7885 0.5049 0.8152 0.6146 0.676
person 0.3889 0.4674 0.4148 0.5321 0.621
person 0.3682 0.4581 0.399 0.5327 0.819
person 0.6641 0.4907 0.687 0.5697 0.823
person 0.8807 0.4985 0.9077 0.6187 0.777
person 0.7319 0.4984 0.782 0.7541 0.997
person 0.6333 0.4946 0.6891 0.7387 0.999
person 0.8298 0.4883 0.8618 0.6298 0.821
bicycle 0.4192 0.5253 0.4582 0.6081 0.876
person 0.7032 0.4926 0.7256 0.5775 0.935
person 0.6938 0.4947 0.7147 0.5707 0.738
fire hydrant 0.3698 0.6371 0.4064 0.7649 0.98
person 0.2028 0.4899 0.2288 0.5993 0.556
skateboard 0.1652 0.6812 0.2355 0.7048 0.782
person 0.3137 0.4798 0.3834 0.7156 0.998
bicycle 0.3733 0.529 0.4013 0.5928 0.837
person 0.1359 0.4461 0.2381 0.6972 0.998
bicycle 0.4031 0.5269 0.4438 0.6056 0.953
person 0.6411 0.4972 0.693 0.7415 0.709
person 0.956 0.5164 0.9835 0.6322 0.863
handbag 0.6489 0.5387 0.6835 0.6288 0.618
person 0.3179 0.4617 0.3507 0.5407 0.766
person 0.9072 0.4834 0.9496 0.6516 0.976
person 0.3364 0.4636 0.3728 0.5485 0.541
person 0.3497 0.4594 0.3792 0.5122 0.641
person 0.8583 0.4987 0.8862 0.6295 0.909
person 0.9723 0.5268 0.9959 0.6357 0.91
person 0.824 0.4865 0.8542 0.6268 0.693
fire hydrant 0.1077 0.6326 0.151 0.7804 0.95
backpack 0.3232 0.5073 0.3733 0.6116 0.78
handbag 0.6728 0.5718 0.7011 0.6265 0.63
traffic light 0.8105 0.4065 0.8286 0.452 0.666
person 0.3556 0.463 0.396 0.5902 0.886
person 0.8223 0.4868 0.8506 0.6282 0.575
traffic light 0.5702 0.1927 0.6138 0.3022 0.885
person 0.2102 0.498 0.2324 0.5842 0.54
handbag 0.3066 0.5576 0.3377 0.6251 0.522
person 0.7703 0.5108 0.7973 0.6151 0.601
person 0.7264 0.4943 0.7532 0.5826 0.665
