chair 0.6262 0.5479 0.6804 0.6381 0.575
person 0.559 0.2655 0.6767 0.4937 0.805
chair 0.7748 0.6254 1.0001 0.7203 0.609
person 0.6509 0.1798 0.9903 0.6749 0.784
person 0.0645 0.1053 0.6968 0.7185 0.998
person 0.6555 0.1802 0.9988 0.5158 0.778
chair 0.0003 0.5371 0.079 0.6167 0.648
chair 0.0001 0.5267 0.0755 0.6066 0.507
person 0.5509 0.2672 0.6663 0.44 0.573
cup 0.2766 0.7296 0.4961 0.9979 0.99
car 0.6762 0.305 0.7712 0.3368 0.743
car 0.5317 0.2715 0.575 0.3062 0.547
dining table 0.0003 0.684 1.0001 0.9927 0.988
person 0.5692 0.2676 0.7166 0.662 0.51
sandwich 0.5236 0.7671 0.7282 0.8964 0.612
chair 0.9741 0.5974 1.0 0.7301 0.53
bottle 0.042 0.7275 0.2016 0.9981 0.992
person 0.558 0.2662 0.6949 0.6533 0.651
person 0.6479 0.1856 0.9986 0.7018 0.592
person 0.6492 0.1812 0.999 0.6331 0.807
chair 0.0736 0.3493 0.162 0.58 0.502
cup 0.0951 0.7456 0.2378 0.9351 0.899
car 0.6749 0.3095 0.7904 0.3593 0.928
carrot 0.6826 0.7691 0.7538 0.8201 0.868
