person 1.25 233.31 23.38 273.18 0.58
person 0.69 233.57 16.17 263.87 0.901
person 118.03 229.45 130.09 258.97 0.849
bus 148.65 73.88 525.28 324.84 0.993
car 504.37 209.31 516.13 227.99 0.642
bicycle 122.41 245.93 148.45 266.18 0.58
person 41.49 231.95 55.45 245.7 0.674
person 36.43 232.46 50.57 245.52 0.787
person 9.84 231.72 22.54 250.6 0.589
person 134.67 225.96 146.9 259.88 0.922
car 10.06 236.74 123.95 278.14 0.997
person 407.21 197.12 427.15 225.33 0.956
car 554.08 199.98 577.97 210.62 0.687
bicycle 116.64 245.74 142.19 265.99 0.646
car 506.14 210.54 518.21 232.69 0.858
car 520.3 209.9 536.08 241.15 0.635
person 111.75 229.71 122.49 247.47 0.645
person 616.45 195.41 639.93 258.71 0.836
person 125.59 226.56 137.08 253.54 0.894
car 552.26 200.81 583.7 219.02 0.526
person 8.03 231.57 18.68 248.02 0.64
person 126.94 232.91 139.54 261.25 0.65
person 131.48 226.37 145.87 262.65 0.924
car 538.17 206.35 588.26 241.26 0.995
person 199.34 226.21 224.77 256.58 0.578
car 84.09 230.8 118.61 244.73 0.574
person 184.21 226.07 222.95 258.13 0.531
car 533.82 208.81 547.64 220.59 0.654
car 530.59 210.31 555.56 239.7 0.647
