remote 231.03 106.87 265.2 176.42 0.744
person 181.05 64.93 223.26 151.87 0.954
remote 350.74 143.42 376.55 199.89 0.968
remote 444.86 161.97 481.06 185.57 0.992
person 284.83 85.35 486.0 529.04 0.998
person 24.7 40.66 274.08 609.28 0.992
person 0.02 43.78 36.2 236.57 0.914
person 30.51 42.34 98.44 181.04 0.842
remote 444.82 165.49 470.92 186.79 0.715
remote 161.99 157.08 193.56 184.22 0.824
person 175.97 65.34 228.15 227.56 0.893
person 56.23 42.89 98.0 105.55 0.676
remote 239.27 107.97 258.81 126.86 0.977
remote 358.82 142.02 376.2 157.73 0.701
remote 348.23 172.76 370.46 200.2 0.632
