dining table 0.11 308.64 38.45 335.76 0.569
person 202.09 126.83 389.38 506.01 0.983
person 25.92 117.69 388.57 573.98 0.846
person 406.54 221.92 423.98 394.36 0.881
wine glass 399.98 492.05 423.99 570.99 0.729
dining table 0.4 305.88 38.22 324.47 0.523
chair 0.03 308.74 38.38 409.47 0.981
person 21.63 114.46 256.16 572.29 0.629
dining table 0.1 491.0 424.1 636.59 0.991
cake 198.37 495.25 362.51 624.53 0.999
fork 128.47 547.96 159.4 610.81 0.575
potted plant 349.35 271.96 423.91 386.55 0.687
chair 350.78 261.98 398.41 288.69 0.65
