person 0.5321 0.15 0.5656 0.2556 0.799
person 0.4099 0.104 0.4479 0.1657 0.687
person 0.4078 0.1013 0.4474 0.166 0.692
person 0.5679 0.1561 0.5994 0.2183 0.673
person 0.3042 0.1785 0.3442 0.2454 0.514
person 0.2924 0.3564 0.5004 0.9157 0.999
person 0.4768 0.1535 0.5055 0.2285 0.697
person 0.6255 0.1543 0.6601 0.2264 0.522
person 0.599 0.1604 0.6256 0.2159 0.569
person 0.1683 0.2078 0.2095 0.2513 0.882
person 0.5544 0.1571 0.5865 0.224 0.754
person 0.4601 0.1415 0.498 0.239 0.917
person 0.4991 0.1635 0.5235 0.2203 0.649
person 0.5925 0.152 0.631 0.2377 0.82
person 0.5951 0.1537 0.645 0.239 0.597
person 0.5632 0.1566 0.6088 0.2632 0.652
airplane 0.0452 0.0313 0.8388 0.2365 0.982
person 0.5539 0.1548 0.587 0.2594 0.788
person 0.5255 0.15 0.5662 0.2567 0.972
person 0.3622 0.0748 0.4015 0.1238 0.647
airplane 0.6687 0.1311 0.8899 0.2152 0.575
person 0.5127 0.1524 0.5423 0.2256 0.87
