chair 291.32 117.89 312.65 145.17 0.564
person 208.53 73.41 233.87 161.32 0.937
person 315.58 120.35 396.57 258.42 0.845
person 174.48 67.23 202.2 162.37 0.819
person 205.79 184.68 346.73 290.91 0.962
person 269.53 110.04 288.7 137.91 0.617
person 341.14 108.88 362.95 136.73 0.745
person 310.33 118.99 332.23 149.39 0.738
person 291.38 106.49 312.25 145.43 0.541
person 124.31 55.02 177.45 248.57 0.997
person 208.72 72.02 235.02 161.47 0.963
person 271.89 108.28 291.67 138.89 0.856
person 316.79 117.61 345.11 158.1 0.711
person 321.38 116.28 359.63 171.84 0.861
person 316.57 152.25 383.94 249.08 0.528
person 0.09 51.05 86.09 327.35 0.998
person 338.06 116.49 366.32 157.89 0.719
person 166.47 64.65 196.55 163.23 0.969
person 187.36 68.95 209.5 150.62 0.628
person 192.57 70.15 213.11 109.01 0.66
person 460.95 120.78 479.43 138.26 0.752
person 439.29 87.93 447.36 101.62 0.905
person 189.8 71.85 214.97 161.66 0.588
person 340.63 120.45 390.76 189.75 0.931
surfboard 301.94 88.47 408.6 128.02 0.84
person 219.68 184.71 333.3 289.3 0.934
person 275.4 107.56 299.27 141.62 0.907
person 354.33 104.16 381.43 134.03 0.782
