person 0.07 174.9 65.72 270.3 0.511
remote 252.43 261.63 295.53 364.8 0.966
person 72.18 92.33 354.93 497.86 0.962
remote 135.15 238.16 164.85 328.05 0.571
chair 238.06 425.26 345.05 499.82 0.936
person -0.04 186.41 39.09 262.76 0.628
tv -0.22 148.56 84.51 304.59 0.848
remote 259.81 261.19 296.23 286.54 0.501
remote 125.99 262.47 149.75 326.26 0.584
remote 258.59 285.81 291.56 351.92 0.571
person 305.92 96.3 374.96 497.22 0.938
person 35.9 161.34 79.98 276.64 0.788
person 80.36 92.04 244.22 411.32 0.522
person 244.3 96.26 375.08 498.08 0.683
remote 258.28 261.54 294.56 308.12 0.679
