person -0.14 24.83 21.11 468.49 0.505
person 447.53 90.24 604.96 440.4 0.997
person 216.55 1.07 331.25 366.13 0.874
person 454.5 0.33 631.36 247.76 0.823
frisbee 14.97 0.04 53.86 14.14 0.501
person 275.0 0.35 361.5 117.51 0.503
person 179.2 72.86 244.77 330.96 0.995
person 0.03 206.1 23.34 338.4 0.569
sheep 196.19 170.8 456.93 476.19 0.993
person 435.29 -0.07 639.61 288.73 0.829
person 226.45 0.91 341.79 225.05 0.995
person -0.0 197.54 25.22 478.91 0.749
person 451.99 1.33 639.56 432.81 0.793
person 276.0 0.35 331.91 78.37 0.506
