traffic light 0.0918 0.0388 0.1213 0.0885 0.945
traffic light 0.2898 0.1062 0.308 0.1495 0.508
bus 0.0657 0.1693 0.9433 0.8748 1.0
traffic light 0.1037 0.0278 0.127 0.073 0.859
traffic light 0.0647 0.1192 0.0816 0.1542 0.894
traffic light 0.0876 0.0761 0.1068 0.1301 0.865
person 0.0103 0.5225 0.0777 0.7536 0.999
traffic light 0.2913 0.0629 0.3189 0.1214 0.743
tie 0.5187 0.4502 0.5614 0.5031 0.646
tie 0.0464 0.5571 0.0646 0.6052 0.667
person 0.4997 0.3883 0.6021 0.5295 0.991
traffic light 0.1947 0.1318 0.21 0.1639 0.92
traffic light 0.0093 0.1128 0.0451 0.1617 0.843
traffic light 0.0848 0.125 0.0982 0.1581 0.843
