person 0.9002 0.0001 1.0002 0.064 0.924
person 0.1182 0.0001 0.2236 0.0367 0.689
chair 0.8296 0.1429 0.9992 0.2672 0.635
chair 0.8261 0.146 0.9995 0.2204 0.575
person 0.4205 0.2378 0.8383 0.9974 1.0
person 0.8075 -0.0001 0.9672 0.0657 0.793
sports ball 0.3663 0.886 0.4233 0.9317 0.999
chair 0.0061 0.0 0.1108 0.0335 0.588
person 0.1339 0.0001 0.269 0.0507 0.882
chair 0.6623 -0.0 0.773 0.0387 0.559
tennis racket 0.304 0.6496 0.6626 0.7358 0.997
person 0.4587 0.0001 0.5638 0.0461 0.842
person 0.5584 -0.0001 0.7441 0.0591 0.785
person 0.7892 -0.0 0.9043 0.057 0.946
person 0.2471 0.0002 0.3448 0.0452 0.931
person 0.5517 -0.0001 0.7524 0.0604 0.989
chair 0.8239 0.1538 0.9996 0.3327 0.95
person 0.8668 0.0 0.9865 0.0618 0.518
person 0.7941 0.0001 0.926 0.0615 0.831
person 0.3441 -0.0 0.4784 0.0528 0.977
person 0.1487 0.0 0.2491 0.0331 0.681
person 0.1873 0.0001 0.2957 0.0476 0.673
