person 139.42 -0.14 343.58 66.75 0.595
person 133.09 14.04 255.01 81.19 0.651
person 273.02 21.86 636.65 208.64 0.79
person 4.28 22.27 284.28 169.64 0.595
person 107.38 20.96 539.2 243.9 0.649
person 470.1 17.98 639.98 150.47 0.645
tie 290.7 88.87 312.27 105.41 0.979
person 43.69 5.04 187.39 61.07 0.679
person 4.78 9.42 202.88 169.65 0.869
person 304.07 3.6 474.35 70.47 0.959
person 3.69 23.72 381.11 230.03 0.807
tie 195.25 85.27 219.27 112.52 0.97
person 2.29 10.7 314.84 231.79 0.802
person 90.88 26.02 364.94 189.51 0.838
person 508.7 0.09 639.51 69.12 0.661
person 117.79 19.9 278.64 128.69 0.818
person 310.82 15.23 501.92 140.39 0.94
person 444.54 0.78 554.41 91.33 0.664
tie 411.84 80.4 436.34 96.96 0.985
person 147.38 0.22 314.1 64.27 0.731
person 205.45 27.07 410.28 175.86 0.893
person 475.96 35.7 639.8 206.74 0.536
person 507.67 20.47 640.34 93.9 0.825
person 5.85 6.53 230.75 127.82 0.673
person 54.58 -0.04 254.56 72.47 0.76
person 458.47 0.18 639.07 79.67 0.667
person 92.89 22.71 287.55 163.38 0.876
person 461.67 33.81 639.29 200.47 0.962
person 314.94 9.06 506.74 104.23 0.874
