person 45.78 89.27 75.89 137.15 0.858
person -0.04 86.47 18.11 134.19 0.82
chair 44.41 101.03 74.11 141.32 0.903
sports ball 254.28 160.96 273.26 176.08 0.683
person 191.37 94.44 223.31 145.62 0.913
baseball glove 468.01 181.47 485.61 196.8 0.722
person 289.78 61.42 342.94 186.51 0.997
person 97.59 139.38 131.48 178.03 0.749
person 150.6 127.26 256.72 256.04 0.999
person 414.63 112.49 438.11 143.2 0.602
baseball bat 243.5 238.92 279.58 249.84 0.57
baseball glove 469.72 178.44 490.92 194.14 0.544
person 315.4 309.97 400.1 331.97 0.501
chair 41.16 106.22 63.29 139.31 0.853
person 423.59 225.94 481.76 290.02 0.782
chair 10.42 97.86 30.25 135.04 0.941
chair 0.04 97.64 26.53 138.06 0.914
baseball bat 125.42 172.65 150.0 184.94 0.622
person 62.98 95.69 91.01 154.17 0.574
person 243.0 107.61 281.14 157.14 0.975
baseball bat 128.77 164.16 172.17 192.44 0.995
person 81.5 100.55 123.26 184.42 0.947
person 402.17 229.25 496.25 331.01 0.953
person 193.08 93.35 221.04 133.3 0.676
person 319.78 261.33 482.62 331.02 0.786
person 199.26 112.05 231.38 151.91 0.672
sports ball 255.25 214.57 264.98 225.0 0.934
person 407.22 111.78 442.75 146.03 0.973
baseball bat 57.42 141.38 425.98 226.8 0.526
person 120.96 93.26 145.98 125.85 0.762
person 461.52 121.0 499.94 242.94 0.814
person 89.84 100.98 124.03 158.7 0.926
person 115.86 92.0 145.32 138.22 0.898
chair 419.98 182.95 478.05 232.75 0.605
person 467.83 255.53 500.0 331.87 0.771
baseball bat 341.9 290.65 406.85 309.41 0.976
person 415.6 112.38 441.8 144.96 0.659
person 154.33 94.36 193.78 169.64 0.98
chair 59.56 98.59 77.98 139.7 0.811
person 452.81 118.45 500.0 246.01 0.957
chair 79.79 120.35 97.48 147.23 0.553
backpack 349.18 159.2 386.23 173.94 0.832
baseball bat 348.77 285.65 415.24 308.14 0.908
