person 0.4663 0.3869 0.5426 0.5375 0.846
person 0.7594 0.7798 0.7812 0.8118 0.799
person 0.777 0.2495 0.9412 0.5263 0.984
tie 0.824 0.3338 0.8527 0.4102 0.8
tie 0.7263 0.3905 0.7396 0.4185 0.957
person 0.7951 0.7747 0.82 0.8226 0.579
horse 0.0465 0.4102 0.2715 0.7164 0.954
tie 0.7286 0.3905 0.7415 0.4178 0.74
person 0.708 0.7801 0.7343 0.8135 0.683
person 0.9258 0.2438 1.0 0.3733 0.676
person 0.4045 0.4439 0.4781 0.5532 0.561
train 0.0862 0.6993 0.9487 0.9717 0.529
person 0.6725 0.3085 0.793 0.5638 0.982
person 0.7421 0.7797 0.7643 0.8109 0.705
horse 0.184 0.413 0.3456 0.563 0.617
horse 0.1 0.4144 0.2857 0.7029 0.892
person 0.7914 0.7749 0.8162 0.8078 0.734
person 0.517 0.7962 0.5421 0.83 0.572
person 0.7713 0.7784 0.7914 0.8103 0.764
person 0.7506 0.7786 0.7706 0.8138 0.637
