person -0.0001 0.1483 0.1165 0.3737 0.647
person 0.1133 0.0025 0.2705 0.2499 0.512
person 0.1838 0.1649 0.3125 0.3563 0.553
person 0.4332 0.1394 0.9373 0.9571 0.998
person 0.0008 0.1474 0.1661 0.3899 0.819
person 0.2105 0.0112 0.4704 0.3577 0.876
person 0.0006 0.1464 0.1698 0.4218 0.971
baseball bat 0.3415 0.3347 0.4858 0.4999 0.545
baseball bat 0.3429 0.3557 0.4727 0.5028 0.972
person 0.3017 0.0103 0.482 0.3513 0.979
person 0.9744 0.1418 1.0 0.4752 0.967
person 0.1324 0.0083 0.2831 0.3652 0.865
baseball bat 0.3433 0.3784 0.4618 0.5062 0.926
sports ball 0.1095 0.3101 0.1555 0.3446 0.984
