person 0.1794 0.5705 0.2194 0.7014 0.903
person 0.537 0.5541 0.5872 0.6236 0.873
person 0.426 0.3454 0.53 0.8423 0.987
person 0.8022 0.5948 0.8466 0.7044 0.573
umbrella 0.3215 0.5452 0.3919 0.5753 0.899
umbrella 0.3224 0.5467 0.3963 0.5822 0.557
person 0.5952 0.5597 0.632 0.6227 0.64
umbrella 0.8027 0.5546 0.9179 0.6427 0.87
person 0.4833 0.532 0.5514 0.7767 0.543
person 0.649 0.5689 0.6881 0.6282 0.824
person 0.6232 0.5595 0.6544 0.6152 0.546
person 0.0769 0.5748 0.1256 0.7 0.869
person 0.0801 0.5792 0.1304 0.7073 0.724
person 0.1841 0.5606 0.2394 0.8326 0.975
person 0.8339 0.596 0.8811 0.7715 0.511
horse 0.2139 0.4926 0.7433 0.9958 0.934
person 0.9435 0.5619 0.9791 0.6628 0.877
person 0.6119 0.556 0.6621 0.6479 0.905
person 0.8023 0.5934 0.8378 0.6679 0.797
bicycle 0.2526 0.6955 0.3237 0.8136 0.596
person 0.0001 0.5827 0.1172 0.994 0.992
person 0.6568 0.5771 0.7246 0.7384 0.967
person 0.5512 0.5518 0.6117 0.6251 0.925
person 0.8825 0.5667 0.9405 0.7589 0.98
person 0.887 0.5598 0.9315 0.6719 0.808
person 0.8212 0.5993 0.861 0.6717 0.776
umbrella 0.8019 0.555 0.9141 0.6037 0.979
person 0.8336 0.5888 0.8948 0.7511 0.972
umbrella 0.5253 0.4875 0.6577 0.5843 0.965
person 0.1888 0.5569 0.2343 0.7084 0.9
bicycle 0.2275 0.691 0.2996 0.8073 0.546
person 0.4786 0.5285 0.5622 0.9048 0.788
person 0.5246 0.5457 0.574 0.6242 0.898
