person 0.0534 0.0771 0.1479 0.4148 0.982
person 0.3879 0.0279 0.457 0.1879 0.697
person 0.5404 0.4593 0.7136 0.8179 0.688
person 0.4786 0.5588 0.6352 0.9119 0.97
person 0.8956 0.1481 0.9617 0.2906 0.515
person 0.0579 0.6344 0.1691 0.9915 0.945
person 0.1002 0.0196 0.2007 0.2939 0.98
person 0.5454 0.093 0.6234 0.2813 0.593
person 0.3336 0.3072 0.4947 0.5361 0.995
bench 0.3753 0.1802 0.4673 0.2593 0.571
person 0.6467 0.0339 0.7185 0.204 0.769
person 0.0709 0.6445 0.174 0.9864 0.689
person 0.6396 0.6175 0.8243 0.8936 0.968
person 0.4669 0.5929 0.5829 0.8707 0.782
chair 0.954 0.1114 0.9999 0.2207 0.515
person 0.6475 0.1959 0.7137 0.3414 0.774
tennis racket 0.3987 0.6015 0.4507 0.6547 0.546
bench 0.3501 0.1598 0.4939 0.2303 0.84
chair 0.2673 0.0848 0.324 0.1762 0.513
person 0.5315 0.4076 0.718 0.7905 0.992
person 0.8561 0.4136 0.97 0.7722 0.99
person 0.1776 0.0355 0.2478 0.2387 0.668
person 0.3425 0.0186 0.3972 0.1312 0.543
person 0.7894 0.1146 0.8578 0.2914 0.572
person 0.7734 0.1984 0.836 0.3058 0.607
tennis racket 0.338 0.3554 0.3958 0.398 0.835
person 0.7003 0.2574 0.7955 0.5418 0.956
tennis racket 0.4489 0.5351 0.5197 0.62 0.668
person 0.5453 0.1199 0.6244 0.3083 0.778
chair 0.2623 0.0941 0.3156 0.2022 0.651
person 0.4227 0.5865 0.5685 0.8645 0.972
person 0.73 0.1581 0.8025 0.2946 0.783
