car 0.1638 0.2694 0.2452 0.3376 0.946
person 0.5485 0.2631 0.5784 0.3795 0.942
car 0.3762 0.2632 0.4408 0.3126 0.67
car 0.8691 0.3001 0.989 0.4091 0.964
car 0.2685 0.2931 0.3226 0.3345 0.939
person 0.7703 0.2577 0.8013 0.3738 0.791
person 0.4771 0.2716 0.4969 0.3188 0.744
person 0.6245 0.2691 0.6468 0.3563 0.685
car 0.926 0.2915 1.0001 0.6094 0.963
fire hydrant 0.5775 0.5248 0.7061 0.8379 0.957
person 0.1561 0.2725 0.2097 0.3604 0.689
car 0.9326 0.398 1.0 0.5977 0.602
car -0.0001 0.2952 0.0604 0.3683 0.864
bench 0.0001 0.3755 0.3481 0.8516 0.907
person 0.0627 0.1667 0.1791 0.3606 0.601
car 0.3498 0.2752 0.4211 0.3334 0.609
person 0.414 0.2695 0.4427 0.3333 0.577
person 0.0462 0.1671 0.2516 0.7303 0.993
traffic light 0.4772 0.1392 0.495 0.1684 0.974
person 0.4393 0.2736 0.4634 0.3262 0.825
fire hydrant 0.5722 0.4687 0.7089 0.8403 0.981
person 0.9599 0.2492 0.9875 0.3044 0.792
person 0.5942 0.2693 0.6234 0.3808 0.931
potted plant 0.446 0.3084 0.5076 0.3739 0.555
person 0.6078 0.2715 0.6347 0.3788 0.945
person 0.5818 0.2669 0.6116 0.3804 0.941
person 0.7154 0.2586 0.7387 0.3183 0.571
person 0.6619 0.263 0.6887 0.373 0.717
person 0.6722 0.2554 0.7038 0.3749 0.982
person 0.5652 0.2638 0.5956 0.3805 0.918
traffic light 0.426 0.036 0.4505 0.0868 0.982
person 0.5186 0.2637 0.5501 0.3843 0.982
traffic light 0.9263 0.2801 0.9475 0.304 0.565
car 0.1441 0.2309 0.2413 0.3475 0.589
car 0.3204 0.2839 0.3681 0.3305 0.531
car 0.7903 0.3033 0.8789 0.3513 0.588
car 0.3214 0.2846 0.3764 0.3317 0.72
car 0.3538 0.2652 0.4349 0.3326 0.891
person 0.7654 0.2543 0.7981 0.3767 0.988
person 0.5014 0.2551 0.533 0.3828 0.818
person 0.4975 0.2568 0.5303 0.3854 0.936
