car 0.56 0.6272 0.5949 0.6752 0.92
person 0.7247 0.5951 0.7676 0.815 0.999
person 0.4367 0.6224 0.4539 0.6968 0.939
person 0.5081 0.6329 0.5361 0.7503 0.956
handbag 0.8947 0.6329 0.9334 0.782 0.546
motorcycle 0.6697 0.6567 0.7007 0.7519 0.569
person 0.3599 0.6618 0.3787 0.7264 0.618
person 0.5056 0.6298 0.535 0.7512 0.985
car 0.473 0.6186 0.5111 0.6871 0.683
car 0.5023 0.6283 0.5381 0.6996 0.779
car 0.6314 0.6316 0.6916 0.7031 0.928
car 0.5925 0.6302 0.6432 0.6809 0.978
car 0.5669 0.6259 0.6051 0.6765 0.542
person 0.4378 0.625 0.4526 0.6962 0.593
person 0.9073 0.5982 0.9856 0.912 0.998
person 0.8015 0.5921 0.8286 0.6314 0.735
car 0.462 0.6137 0.5163 0.6897 0.805
person 0.8379 0.5938 0.8953 0.8706 0.997
car 0.5254 0.6302 0.5592 0.6881 0.923
bus 0.6638 0.3398 0.9995 0.8219 0.999
car 0.5419 0.6285 0.573 0.674 0.759
