person -0.03 0.33 103.67 145.95 0.778
cup 48.6 166.79 178.67 332.09 0.953
cup 353.43 60.87 402.24 144.61 0.641
person -0.1 0.16 95.28 143.05 0.549
person -0.13 0.16 97.54 130.14 0.767
cup 46.56 166.38 180.56 332.56 0.595
cup 0.31 143.05 65.11 331.1 0.889
cup 390.14 16.31 485.62 136.27 0.75
bottle 156.42 268.33 199.57 332.74 0.915
hot dog 197.37 127.69 412.31 286.42 0.998
person 0.43 0.22 217.06 142.63 0.832
person 1.38 -0.16 275.47 148.0 0.548
cup 46.96 165.87 182.38 332.57 0.734
person 199.65 193.25 375.33 330.87 0.945
cup 354.24 9.48 457.5 140.85 0.968
