cup 0.7141 0.3386 0.767 0.4157 0.639
pizza 0.5958 0.4098 0.9173 0.5803 0.989
pizza 0.2299 0.5594 0.7826 0.9203 0.999
pizza 0.8352 0.4023 0.9211 0.4482 0.957
pizza 0.5229 0.742 0.7235 0.9345 0.955
pizza 0.7438 0.4591 0.9102 0.5756 0.583
pizza 0.2342 0.6215 0.5254 0.949 0.724
cup 0.7153 0.2634 0.7748 0.3348 0.852
bottle 0.5402 0.266 0.5784 0.3987 0.729
pizza 0.5741 0.4242 0.7057 0.5006 0.776
person 0.2266 0.0076 0.4375 0.3987 0.998
person 0.0008 0.0028 0.3307 0.5776 0.996
bottle 0.4084 0.3745 0.4608 0.5058 0.541
dining table 0.0458 0.3258 0.8364 0.9851 0.838
cup 0.638 0.2881 0.6824 0.3918 0.618
cup 0.7185 0.2649 0.7811 0.3476 0.687
person -0.0003 0.0044 0.3182 0.9882 0.616
cup 0.6978 0.3359 0.7487 0.4124 0.728
dining table 0.021 0.264 0.9931 0.9868 0.854
pizza 0.5302 0.4231 0.646 0.4853 0.916
cup 0.3069 0.3084 0.3844 0.4425 0.711
bottle 0.5289 0.2668 0.5708 0.4075 0.96
pizza 0.8408 0.4016 0.948 0.4642 0.688
pizza 0.7994 0.3633 0.854 0.3924 0.785
cup 0.3126 0.3095 0.3854 0.4302 0.8
dining table 0.7585 0.6737 0.9994 0.9944 0.721
cup 0.7518 0.3355 0.8014 0.4256 0.898
pizza 0.4986 0.564 0.7922 0.8227 0.721
person 0.6454 0.0107 0.9709 0.4098 0.996
pizza 0.2658 0.4644 0.3416 0.5027 0.95
cup 0.699 0.2965 0.763 0.415 0.77
