person 54.9 122.25 116.85 399.59 0.714
person 499.46 118.0 567.09 390.26 0.948
person 374.51 121.03 447.48 358.45 0.997
person 277.85 129.11 341.64 351.16 0.991
person 485.83 118.27 553.24 378.69 0.949
person 121.3 133.66 175.75 371.12 0.828
person 166.95 101.57 240.03 355.38 0.916
person 98.76 130.32 174.99 382.41 0.983
person 228.37 108.79 294.71 347.62 0.986
person 518.78 201.35 581.79 388.35 0.998
frisbee 77.83 269.34 94.3 308.35 0.973
frisbee 246.6 159.85 285.49 201.11 0.998
person 327.92 113.79 389.44 345.3 0.994
frisbee 75.35 244.64 95.02 308.99 0.76
frisbee 146.58 262.57 180.77 301.13 0.868
person 57.23 114.22 141.69 400.65 0.983
person 171.49 101.56 238.8 353.62 0.875
person 442.42 101.47 521.51 373.5 0.994
