person -0.04 189.16 45.9 400.21 0.985
pizza 362.4 263.28 388.76 278.79 0.504
tie 259.82 199.99 275.62 218.65 0.656
dining table 544.74 246.46 576.69 272.65 0.506
person 482.42 158.25 579.12 423.95 0.998
person 518.82 160.45 575.94 320.61 0.739
cup 406.47 255.66 420.07 270.77 0.913
person 471.29 168.94 493.89 197.76 0.664
dining table 322.64 291.74 519.25 423.86 0.503
person 38.2 202.75 74.72 277.43 0.666
person 31.81 201.03 73.69 317.13 0.874
person 73.16 177.56 121.87 356.25 0.55
person 455.46 168.45 497.71 275.02 0.62
person 198.6 144.13 318.14 423.83 0.998
tie 260.97 199.75 280.04 228.73 0.795
handbag 192.6 316.89 234.86 400.78 0.788
person 405.38 179.69 427.02 217.55 0.917
person 73.71 179.86 146.0 375.2 0.997
person 543.03 186.69 566.93 230.38 0.559
dining table 320.41 268.71 529.95 423.39 0.955
cup 392.73 265.36 410.01 279.1 0.642
person 454.97 167.83 498.91 275.33 0.937
handbag 191.26 315.41 237.06 399.89 0.628
tie 380.01 203.27 394.3 222.37 0.849
person 29.8 200.32 80.08 370.98 0.957
cup 408.03 257.5 422.25 273.79 0.96
person 186.21 196.01 201.32 220.34 0.548
person 330.73 160.64 424.61 263.82 0.988
person 573.44 65.91 639.86 423.88 0.999
person 541.17 178.66 572.28 240.1 0.825
person 145.77 189.71 187.41 333.73 0.957
person 182.84 195.26 203.44 247.99 0.689
handbag 32.9 277.51 75.96 325.17 0.83
person 31.02 201.1 63.49 258.2 0.786
handbag 187.41 230.74 209.19 277.54 0.516
person 469.92 169.12 499.29 205.83 0.818
person 177.01 192.96 210.34 314.62 0.98
cup 335.97 259.35 354.6 274.17 0.648
person 449.23 166.16 498.68 275.2 0.862
