chair 123.75 249.96 206.82 294.85 0.926
umbrella 157.45 151.84 344.46 236.38 0.892
umbrella 194.51 154.44 348.14 214.02 0.936
chair 433.06 250.78 522.14 311.2 0.936
chair 256.8 226.72 280.67 256.96 0.936
chair 510.06 246.41 583.2 307.89 0.524
person 180.0 242.26 234.77 277.05 0.85
person 271.56 243.52 338.19 345.92 0.966
umbrella 473.95 159.25 621.12 284.16 0.909
person 388.87 268.76 456.4 288.35 0.665
umbrella 61.22 160.06 187.71 207.18 0.927
umbrella 56.51 157.67 185.75 262.36 0.952
person 444.53 254.38 486.8 275.15 0.834
person 325.92 235.89 372.03 307.3 0.723
chair 371.39 274.28 446.93 326.43 0.698
chair 256.18 230.47 295.35 336.64 0.979
person 222.59 197.06 311.4 328.04 0.605
chair 226.99 243.35 281.79 303.03 0.701
umbrella 336.85 164.43 513.79 206.33 0.942
bird 9.65 359.48 44.3 380.5 0.992
chair 246.38 227.92 282.66 280.15 0.818
umbrella 341.85 159.14 501.73 315.38 0.862
chair 332.64 256.87 388.11 343.68 0.894
chair 118.78 258.57 170.28 292.59 0.515
chair 404.55 271.0 467.55 310.52 0.542
chair 381.59 254.95 504.88 323.12 0.667
chair 336.41 259.37 384.46 343.58 0.97
person 188.84 243.37 226.74 268.9 0.527
umbrella 175.29 155.72 336.41 218.91 0.602
person 294.26 242.32 348.19 336.24 0.528
chair 528.58 232.41 616.47 313.32 0.978
umbrella 139.74 159.52 270.83 232.38 0.631
umbrella 140.9 163.21 287.43 227.07 0.601
chair 474.34 243.42 544.28 310.77 0.872
umbrella 61.65 161.08 154.71 199.02 0.795
chair 373.48 284.5 438.19 342.76 0.919
umbrella 476.95 161.78 620.6 217.74 0.939
person 222.15 196.14 271.42 299.69 0.975
umbrella 335.34 162.07 500.19 331.94 0.646
person 164.02 243.25 201.21 268.74 0.548
chair 144.79 248.9 239.19 296.82 0.95
chair 438.04 257.03 498.95 285.19 0.725
person 387.99 252.76 496.66 279.38 0.862
