fork 426.92 433.38 580.49 479.66 0.843
person 0.53 17.3 359.59 475.54 0.997
clock 322.17 383.79 338.63 401.47 0.502
fork 551.15 434.06 599.19 469.83 0.752
knife 381.88 438.31 568.25 479.89 0.512
fork 508.97 431.43 587.8 479.56 0.853
dining table 214.91 250.74 638.56 476.33 0.566
bottle 445.52 221.23 495.15 334.65 0.993
bowl 375.37 329.18 607.65 451.03 0.542
cake 398.25 333.41 580.68 424.45 0.691
fork 468.25 436.92 604.27 479.32 0.529
dining table 318.75 256.88 639.45 476.94 0.796
knife 403.86 433.29 568.18 479.82 0.798
bottle 429.45 213.83 455.22 287.28 0.963
bottle 456.05 228.66 502.85 334.09 0.541
