sports ball 0.5176 0.0436 0.5363 0.0684 0.794
sports ball 0.9505 0.6157 0.9627 0.6363 0.808
person 0.2397 0.2983 0.4846 0.9955 1.0
sports ball 0.9543 0.6274 0.9653 0.6434 0.745
sports ball 0.9572 0.6104 0.9697 0.631 0.823
sports ball 0.2779 0.7169 0.2879 0.7332 0.753
sports ball 0.9487 0.6366 0.9589 0.651 0.713
sports ball 0.3015 0.7277 0.3119 0.7418 0.941
sports ball 0.5233 0.0465 0.5407 0.0709 0.839
sports ball 0.9957 0.7177 1.0 0.7345 0.893
sports ball 0.9705 0.6036 0.9832 0.6269 0.586
sports ball 0.9613 0.6188 0.9732 0.6388 0.636
sports ball 0.2992 0.7306 0.3089 0.7439 0.639
sports ball 0.9939 0.718 0.9997 0.7359 0.835
sports ball 0.5094 0.7131 0.525 0.7375 0.709
sports ball 0.9543 0.5961 0.9655 0.6141 0.772
tennis racket 0.2303 0.2487 0.3183 0.4588 0.955
sports ball 0.9469 0.6054 0.9574 0.6229 0.773
sports ball 0.9447 0.6229 0.9545 0.6385 0.767
sports ball 0.9959 0.7149 1.0 0.736 0.583
sports ball 0.2991 0.7261 0.3093 0.7394 0.736
sports ball 0.5179 0.0487 0.5357 0.0739 0.772
sports ball 0.2837 0.721 0.294 0.7361 0.775
sports ball 0.4485 0.7212 0.4596 0.7391 0.97
