dining table -0.0002 0.7895 0.9996 0.9861 0.823
orange 0.7844 0.7155 0.9842 0.817 0.994
apple 0.5649 0.6841 0.7898 0.8228 0.995
knife 0.292 0.7907 0.4832 0.864 0.766
bowl 0.1001 0.6282 0.6885 0.7681 0.98
apple 0.6698 0.6545 0.8408 0.7336 0.993
knife 0.2885 0.7872 0.5737 0.9153 0.987
cup 0.7643 0.5508 1.0 0.7409 0.984
cup 0.4021 0.3893 0.5478 0.4848 0.81
orange 0.4274 0.564 0.6887 0.67 0.977
fork 0.2326 0.8006 0.4 0.9016 0.933
orange 0.362 0.6062 0.5729 0.6907 0.991
person 0.3557 0.1933 0.7476 0.492 0.915
