person 0.717 0.4929 0.7692 0.7536 0.997
bicycle 0.9045 0.5681 0.9349 0.6643 0.989
person 0.3161 0.4463 0.3458 0.5478 0.985
person 0.3102 0.4771 0.379 0.7158 0.999
person 0.8302 0.4885 0.8506 0.5989 0.93
bicycle 0.3954 0.524 0.446 0.6066 0.996
fire hydrant 0.1168 0.6472 0.1444 0.783 0.695
handbag 0.3171 0.5921 0.3319 0.63 0.788
person 0.8524 0.4943 0.8765 0.6175 0.986
person 0.3558 0.4549 0.3886 0.5917 0.828
person 0.7079 0.4848 0.7316 0.5743 0.862
person 0.6162 0.487 0.6836 0.74 0.998
traffic light 0.7687 0.366 0.792 0.4286 0.823
traffic light 0.4828 0.1966 0.5189 0.3031 0.998
person 0.6578 0.4838 0.6811 0.5592 0.922
person 0.366 0.4593 0.3971 0.5944 0.977
handbag 0.6425 0.5348 0.6814 0.6236 0.568
person 0.6914 0.4886 0.7114 0.5781 0.967
person 0.8916 0.4778 0.9333 0.6447 0.994
backpack 0.2144 0.5055 0.2346 0.5725 0.974
traffic light 0.7989 0.403 0.8118 0.4425 0.654
person 0.7095 0.4882 0.7368 0.5859 0.639
person 0.9287 0.4873 0.9571 0.6309 0.981
person 0.1435 0.4433 0.2369 0.7021 0.999
person 0.8113 0.4851 0.8349 0.6077 0.992
handbag 0.8606 0.5205 0.8764 0.5658 0.505
person 0.9556 0.5256 0.9837 0.6341 0.915
