sports ball 0.9397 0.6216 0.9526 0.6401 0.752
sports ball 0.9824 0.7192 0.9958 0.7359 0.977
sports ball 0.9566 0.6095 0.9688 0.6325 0.874
sports ball 0.4967 0.7172 0.5062 0.7335 0.839
sports ball 0.2721 0.7199 0.2823 0.7358 0.974
sports ball 0.4378 0.7201 0.4499 0.7388 0.995
sports ball 0.9398 0.5981 0.9516 0.62 0.83
sports ball 0.9521 0.6067 0.9644 0.6295 0.861
sports ball 0.9304 0.6027 0.9422 0.6264 0.805
tennis racket 0.2263 0.2533 0.3117 0.4701 0.998
sports ball 0.9384 0.6009 0.9507 0.6286 0.733
sports ball 0.932 0.6138 0.9428 0.634 0.579
chair 0.6648 0.6746 0.7042 0.7258 0.987
sports ball 0.9524 0.5932 0.9637 0.6126 0.737
sports ball 0.2924 0.7286 0.3036 0.7435 0.986
chair 0.4971 0.5858 0.5614 0.7433 0.998
sports ball 0.5133 0.0455 0.5313 0.0726 0.998
sports ball 0.4991 0.7195 0.5107 0.7371 0.994
person 0.2255 0.2941 0.4785 0.9936 1.0
sports ball 0.9317 0.5907 0.9438 0.6204 0.924
sports ball 0.9472 0.6166 0.9596 0.637 0.809
sports ball 0.9398 0.5898 0.9507 0.6076 0.766
sports ball 0.9314 0.5921 0.9423 0.6107 0.785
sports ball 0.6934 0.7134 0.7041 0.731 0.978
sports ball 0.9305 0.5896 0.9407 0.6106 0.616
sports ball 0.9473 0.5981 0.959 0.6214 0.846
sports ball 0.9338 0.6106 0.9466 0.6325 0.829
