chair 0.3617 0.2147 0.4107 0.2644 0.74
chair 0.3776 0.1388 0.4236 0.1926 0.836
tennis racket 0.8702 0.592 0.8979 0.6596 0.805
sports ball 0.9397 0.9702 0.9762 1.0001 0.501
person 0.5335 0.1308 0.6168 0.3239 0.904
chair 0.4656 0.1484 0.5124 0.2039 0.612
tie 0.4684 0.0737 0.4955 0.1488 0.834
person 0.6308 0.6018 0.8041 0.8889 0.996
person 0.4018 0.0417 0.4641 0.1559 0.792
person 0.0469 0.0575 0.1468 0.4132 0.986
person 0.6921 0.1601 0.7648 0.392 0.634
person 0.387 0.5675 0.5785 0.8786 0.995
person 0.1208 0.0207 0.1975 0.2834 0.584
person 0.3187 0.3057 0.5194 0.6029 1.0
person 0.6975 0.1488 0.7665 0.2768 0.518
person 0.3247 0.0119 0.3856 0.1273 0.786
person 0.5282 0.4147 0.6814 0.7173 0.974
person 0.7791 0.1126 0.8498 0.3777 0.707
tennis racket 0.3891 0.6191 0.4205 0.6508 0.77
chair 0.2891 0.1213 0.34 0.1844 0.741
person 0.6385 0.183 0.6954 0.3338 0.883
person 0.6076 0.0826 0.659 0.1616 0.612
tie 0.3464 0.0559 0.3606 0.1083 0.755
person 0.5265 0.4153 0.6812 0.8566 0.728
person 0.6363 0.0755 0.7052 0.198 0.701
person 0.5439 0.0549 0.611 0.165 0.788
chair 0.4016 0.2232 0.4481 0.2744 0.924
person 0.5008 0.5559 0.6738 0.9414 0.996
chair 0.3593 0.2119 0.4068 0.2606 0.736
tie 0.5593 0.0957 0.5858 0.1662 0.643
chair 0.285 0.1896 0.3402 0.2482 0.539
person 0.5948 0.1439 0.6632 0.3373 0.672
person 0.7778 0.1102 0.8436 0.2811 0.535
person 0.7282 0.0002 0.7774 0.1022 0.563
person 0.8458 0.4083 0.9514 0.774 0.997
person 0.0495 0.6288 0.1772 0.9908 0.997
person 0.5098 0.0499 0.5684 0.1619 0.799
chair 0.4417 0.2289 0.4906 0.2901 0.743
person 0.409 -0.0001 0.4622 0.0785 0.543
tennis racket 0.3225 0.3588 0.3416 0.3834 0.913
person 0.6919 0.217 0.8282 0.5489 0.971
