chair 0.2782 0.3532 0.3119 0.4429 0.873
person 0.931 0.7989 0.9999 0.9998 0.906
person 0.5762 0.1842 0.6822 0.5538 0.999
person 0.9587 0.4603 0.9999 0.789 0.774
backpack 0.5087 0.4891 0.5496 0.5369 0.715
person 0.4099 0.3488 0.4413 0.4032 0.578
chair 0.3785 0.3254 0.4407 0.4481 0.77
baseball bat 0.6759 0.8691 0.8175 0.9179 0.988
person 0.2999 0.2844 0.3775 0.5037 0.996
person 0.4022 0.3471 0.4424 0.4624 0.689
chair 0.0133 0.2913 0.0562 0.4089 0.94
person 0.2674 0.4167 0.3264 0.5301 0.98
person 0.2188 0.2773 0.2943 0.434 0.981
chair 0.2261 0.3113 0.2905 0.4427 0.96
bottle 0.0179 0.4423 0.0295 0.4749 0.883
backpack 0.6971 0.478 0.7711 0.5301 0.865
person 0.0784 0.2579 0.1434 0.4155 0.992
baseball bat 0.5612 0.5435 0.6167 0.5732 0.582
baseball bat 0.2583 0.5082 0.3328 0.5779 0.997
chair 0.8312 0.5594 0.9581 0.7186 0.943
chair 0.1009 0.3001 0.1513 0.4221 0.99
backpack 0.7133 0.5196 0.747 0.5698 0.922
sports ball 0.669 0.5021 0.6909 0.5507 0.525
person 0.849 0.809 0.9597 1.0 0.872
sports ball 0.5085 0.6514 0.5251 0.6748 0.997
person 0.4965 0.3208 0.5531 0.4687 0.991
person 0.3783 0.2824 0.4376 0.4533 0.995
person 0.6272 0.9174 0.8073 1.0002 0.648
person 0.0 0.2641 0.0348 0.4076 0.964
chair 0.1036 0.3216 0.1453 0.4196 0.5
person 0.3192 0.3801 0.5038 0.7781 0.999
person 0.8124 0.3322 0.8776 0.4435 0.978
person 0.802 0.6886 0.9609 0.9971 0.967
baseball glove 0.9354 0.5415 0.9757 0.5889 0.856
baseball bat 0.7765 0.8617 0.8333 0.8973 0.745
chair 0.4212 0.3145 0.4448 0.3609 0.915
person 0.9286 0.3575 0.9985 0.746 0.993
baseball bat 0.6771 0.8717 0.7828 0.91 0.61
chair 0.0106 0.2908 0.0552 0.4077 0.971
chair 0.3879 0.3095 0.4424 0.3635 0.561
person 0.1589 0.2986 0.2289 0.5647 0.997
person 0.664 0.9214 0.807 1.0001 0.761
chair 0.3836 0.3098 0.444 0.4472 0.653
person 0.2115 0.424 0.253 0.5308 0.927
