person 0.5802 0.2507 0.6953 0.7448 0.852
frisbee 0.376 0.3412 0.4417 0.422 0.84
person 0.3554 0.2281 0.4613 0.7284 0.826
person 0.4399 0.2628 0.5343 0.7308 0.822
person 0.6749 0.2138 0.7901 0.7761 0.797
person 0.5121 0.2388 0.6042 0.7214 0.783
person 0.0905 0.2432 0.2166 0.8275 0.779
person 0.1785 0.2981 0.2905 0.7601 0.776
person 0.2592 0.205 0.3638 0.7358 0.748
frisbee 0.227 0.551 0.2771 0.6272 0.748
frisbee 0.6226 0.372 0.6781 0.4545 0.69
person 0.7649 0.2469 0.8871 0.809 0.637
person 0.7976 0.4293 0.8945 0.8121 0.637
person 0.1761 0.2658 0.2679 0.7621 0.587
frisbee 0.1174 0.5453 0.1437 0.6459 0.571
