person 294.33 233.11 375.59 478.23 0.861
person 384.22 233.16 414.1 330.4 0.846
person 432.05 232.14 460.61 329.33 0.842
car 500.31 258.14 639.54 535.81 0.821
car 180.79 228.13 265.48 281.42 0.8
person 231.18 237.64 310.37 490.16 0.786
bicycle 298.53 357.94 346.73 493.03 0.754
car 38.07 220.24 103.57 271.54 0.727
person 150.94 207.21 170.45 258.39 0.706
handbag 287.39 265.94 346.08 360.81 0.704
person 127.43 210.41 144.2 259.75 0.696
traffic light 83.42 138.0 99.77 178.55 0.689
person 37.04 194.49 54.11 221.67 0.553
person 297.98 216.73 315.87 240.11 0.519
