person 0.5068 0.0525 0.5685 0.1589 0.831
chair 0.5967 0.0734 0.6363 0.1176 0.609
person 0.4076 0.0194 0.4786 0.1772 0.508
tie 0.3509 0.058 0.3703 0.1088 0.824
person 0.844 0.411 0.9507 0.772 0.998
person 0.1057 0.0047 0.1959 0.2805 0.919
person 0.6943 0.042 0.7735 0.1777 0.522
person 0.7458 0.187 0.8012 0.3432 0.645
bench 0.2699 0.1075 0.538 0.2545 0.594
person 0.6318 0.604 0.8038 0.8881 0.995
person 0.6948 0.2473 0.8257 0.5411 0.986
person 0.6353 0.1815 0.6947 0.3333 0.737
person 0.5314 0.4165 0.6819 0.7023 0.962
person 0.7828 0.1181 0.8499 0.3716 0.62
bench 0.2696 0.1174 0.4631 0.2501 0.543
person 0.6382 0.0741 0.7015 0.209 0.616
person 0.7835 0.1168 0.8417 0.2524 0.71
person 0.5388 0.0551 0.6105 0.1817 0.617
person 0.3874 0.5657 0.5719 0.8788 0.992
person 0.7025 0.1479 0.7674 0.2708 0.814
person 0.0423 0.0653 0.1512 0.409 0.991
person 0.3971 0.0002 0.4561 0.0808 0.508
person 0.6396 0.0443 0.706 0.2155 0.684
person 0.3725 0.0336 0.4362 0.185 0.744
person 0.5316 0.1323 0.6185 0.3242 0.982
person 0.3211 0.0132 0.3844 0.1718 0.86
person 0.05 0.6341 0.1744 0.9885 0.998
person 0.3178 0.3112 0.5244 0.607 0.999
person 0.6449 0.1873 0.6987 0.3347 0.801
person 0.168 0.053 0.2391 0.2396 0.741
person 0.3957 0.0429 0.4555 0.1508 0.572
bench 0.9027 0.2669 0.9996 0.4066 0.53
chair 0.2832 0.1137 0.3368 0.1818 0.509
bench 0.839 0.2703 0.926 0.3869 0.78
person 0.6948 0.152 0.7853 0.3781 0.607
person 0.5272 0.4148 0.6872 0.8639 0.594
tie 0.5674 0.0934 0.5891 0.1547 0.514
person 0.5973 0.1512 0.6632 0.3351 0.903
person 0.5009 0.5547 0.6692 0.9399 0.981
person 0.6232 0.0001 0.6818 0.0956 0.55
person 0.6082 0.0766 0.6615 0.1671 0.699
