backpack 0.2149 0.5422 0.2865 0.5943 0.749
person 0.7106 0.2847 0.7781 0.3585 0.96
person 0.2593 0.1558 0.3045 0.3873 0.995
person 0.5486 0.235 0.5856 0.305 0.879
person 0.4294 0.248 0.5062 0.3344 0.929
person 0.1095 0.2617 0.19 0.3606 0.97
person 0.0003 0.1235 0.1314 0.7749 0.998
surfboard 0.5307 0.213 0.6225 0.2867 0.991
person 0.3216 0.1668 0.3547 0.3874 0.995
chair 0.4735 0.2898 0.5024 0.3364 0.724
person 0.4168 0.2498 0.4645 0.3346 0.962
person 0.2962 0.1614 0.331 0.3839 0.887
person 0.189 0.1321 0.2668 0.5809 0.996
backpack 0.3113 0.5472 0.3502 0.6001 0.962
person 0.295 0.1636 0.3278 0.3814 0.92
person 0.3564 0.4309 0.508 0.6936 0.999
chair 0.5636 0.2724 0.6047 0.3103 0.718
surfboard 0.4794 0.5083 0.631 0.6328 0.528
person 0.4971 0.2749 0.5918 0.4377 0.985
person 0.4946 0.2625 0.555 0.3448 0.86
person 0.4885 0.3978 0.6256 0.6296 0.998
