person 0.077 0.5732 0.1251 0.8547 0.582
person 0.7978 0.593 0.8347 0.6651 0.867
person 0.7982 0.5842 0.8723 0.8133 0.587
person 0.8047 0.5809 0.8793 0.7315 0.979
person 0.6059 0.5655 0.6483 0.6358 0.987
person 0.8777 0.5704 0.934 0.7682 0.983
person 0.521 0.5486 0.5576 0.6236 0.813
umbrella 0.512 0.4965 0.6484 0.5765 0.938
person 0.0763 0.5746 0.1245 0.7207 0.982
person 0.3907 0.3385 0.5252 0.8305 0.997
person 0.1785 0.5599 0.231 0.832 0.995
person 0.5605 0.5587 0.6106 0.6215 0.871
umbrella 0.9266 0.5617 0.9679 0.6101 0.541
umbrella 0.175 0.5462 0.2325 0.5883 0.888
person 0.927 0.5974 0.9561 0.6552 0.857
horse 0.2043 0.4957 0.7301 0.9967 0.999
person 0.6283 0.5687 0.7208 0.7203 0.994
person 0.0002 0.5808 0.1163 0.996 0.865
umbrella 0.3278 0.5482 0.3969 0.5808 0.748
umbrella 0.5106 0.4808 0.6216 0.544 0.963
person 0.5531 0.5571 0.6071 0.6225 0.984
umbrella 0.7945 0.5562 0.8946 0.6166 0.992
