cell phone 0.4691 0.6209 0.4876 0.6618 0.727
backpack 0.8249 0.7943 0.9999 0.9978 0.915
person 0.8222 0.342 0.9998 0.9916 0.974
person 0.0175 0.046 0.4575 0.8627 0.869
person -0.0 0.3019 0.061 0.8286 0.574
handbag 0.2032 0.5438 0.3264 0.7101 0.593
cell phone 0.0876 0.813 0.1282 0.8472 0.819
person 0.4472 0.5353 0.5239 0.6671 0.879
person 0.3901 0.4289 0.4839 0.6632 0.975
bus -0.0003 0.0002 0.9997 0.9983 0.667
person 0.0171 0.0473 0.4609 0.9874 0.943
person -0.0001 0.3042 0.0563 0.6076 0.924
person 0.5416 0.4696 0.685 0.6879 0.998
person 0.0001 0.8322 0.1042 0.9993 0.814
person 0.4511 0.5483 0.5658 0.6711 0.98
person 0.4098 0.5478 0.6197 0.7719 0.762
person 0.6697 0.4698 0.9249 0.7545 0.997
