person 80.1 318.04 89.23 345.35 0.947
truck 258.89 303.55 290.79 315.95 0.518
person 316.68 306.39 325.7 333.95 0.937
person 155.12 314.07 163.22 330.77 0.718
person 85.4 323.12 97.84 345.44 0.547
person 346.39 320.02 352.66 330.95 0.93
person 509.54 287.32 516.33 301.25 0.694
person 506.85 296.33 512.74 317.56 0.969
person 455.87 305.0 462.84 325.49 0.983
person 617.42 316.34 626.16 331.77 0.844
person 413.8 306.8 423.36 329.96 0.892
person 430.44 306.8 440.21 330.3 0.578
person 61.34 315.43 67.4 329.53 0.501
person 310.31 307.74 319.66 333.41 0.698
person 524.19 287.77 530.31 301.01 0.551
person 509.09 290.29 514.76 307.71 0.755
bus 134.46 311.25 161.91 330.2 0.687
car 525.53 282.02 547.6 293.19 0.887
person 281.96 306.47 294.74 335.25 0.994
car 476.16 289.91 495.98 301.83 0.524
person 391.81 315.31 400.9 328.12 0.778
car 225.52 305.74 248.65 318.47 0.594
car 464.66 290.9 485.03 300.98 0.859
car 256.72 304.36 288.24 316.07 0.983
car 124.45 319.37 153.46 332.51 0.895
person 110.06 315.51 120.62 335.14 0.725
car 604.81 270.92 627.16 280.29 0.734
person 218.61 304.44 228.57 322.92 0.706
car 584.67 276.24 600.11 285.73 0.796
kite 210.02 95.26 520.99 210.23 0.999
person 416.8 314.42 429.4 330.88 0.905
person 552.22 290.86 557.33 302.75 0.847
person 308.12 307.46 318.17 333.42 0.973
person 146.64 314.59 155.23 332.27 0.812
person 361.45 303.27 369.83 328.49 0.992
car 499.56 285.19 517.94 297.95 0.574
person 433.63 304.58 444.11 330.48 0.992
person 398.76 306.98 408.04 329.91 0.877
person 405.49 307.15 415.22 330.21 0.921
person 120.51 314.93 130.48 333.88 0.645
