person 0.1897 0.8863 0.3978 0.9988 0.984
sheep 0.5519 0.7885 0.6462 0.9561 0.677
sheep 0.5962 0.7733 0.644 0.8044 0.531
sheep 0.7455 0.7886 0.8191 0.9691 0.982
person 0.9427 0.9226 1.0 1.0 0.665
sheep 0.5499 0.7909 0.6342 0.9555 0.877
sheep 0.8588 0.8325 0.9355 0.9824 0.996
sheep 0.792 0.8113 0.867 0.9736 0.992
dog 0.6197 0.7058 0.6826 0.7618 0.995
dog 0.0931 0.68 0.1903 0.7468 0.998
person 0.385 0.4572 0.4799 0.7443 0.999
sheep 0.6148 0.7814 0.7079 0.9512 0.988
sheep 0.6778 0.7823 0.7557 0.962 0.995
sheep 0.5518 0.7873 0.6507 0.9548 0.587
