person 271.39 92.75 295.44 151.21 0.948
person 322.29 97.38 353.65 160.49 0.933
person 481.54 84.91 507.29 141.75 0.99
person 464.75 89.34 481.53 139.13 0.909
person 466.18 89.52 480.12 118.62 0.908
airplane 21.18 82.12 68.61 106.1 0.678
handbag 301.14 118.64 313.69 138.04 0.597
person 303.77 94.81 325.29 157.02 0.967
airplane 27.74 16.17 477.24 157.43 0.983
person 208.41 41.63 232.73 79.67 0.994
airplane 18.28 89.02 100.95 156.86 0.801
person 189.36 45.9 206.51 74.96 0.987
person 176.17 232.35 321.14 591.62 0.999
person 370.19 101.79 392.3 143.57 0.915
person 237.18 66.95 260.22 103.78 0.991
airplane 33.31 16.53 470.26 130.5 0.793
person 147.57 54.72 163.33 69.62 0.835
person 311.02 96.63 340.24 161.41 0.745
person 137.09 55.87 151.15 70.37 0.667
