cup 0.092 0.5009 0.3619 0.9985 0.947
hot dog 0.831 0.3619 0.9997 0.5116 0.845
person 0.0025 0.0009 0.7036 0.445 0.516
hot dog 0.851 0.3091 1.0 0.5066 0.776
bottle 0.2674 0.2714 0.41 0.8605 0.884
bottle 0.0 0.4078 0.1235 0.9984 0.525
hot dog 0.8664 0.3436 0.9998 0.5031 0.775
hot dog 0.8763 0.3086 0.9998 0.429 0.864
person -0.0001 0.0006 0.1927 0.4334 0.715
bottle -0.0 0.3366 0.153 0.9986 0.958
cup 0.7188 -0.0 0.9786 0.4114 0.836
bottle 0.3123 0.8042 0.4017 0.9997 0.923
bottle 0.2692 0.2712 0.4079 0.7491 0.554
person 0.0013 0.0004 0.6001 0.4298 0.756
person -0.0 -0.0006 0.3793 0.4232 0.82
hot dog 0.8798 0.3063 0.9999 0.3968 0.743
hot dog 0.8097 0.4704 0.9995 0.7232 0.729
hot dog 0.3919 0.3867 0.8285 0.8565 0.994
sandwich 0.3925 0.3855 0.8311 0.8555 0.875
person 0.3953 0.606 0.7416 0.9972 0.989
