cup 155.04 281.63 179.08 305.39 0.613
cup 34.36 274.68 70.34 315.19 0.994
truck 544.03 113.73 597.38 152.17 0.684
car 566.71 125.27 601.36 151.32 0.605
bench 405.17 160.73 502.66 208.59 0.855
person 594.92 115.84 607.99 143.54 0.607
car 600.53 116.94 640.1 154.43 0.993
car 81.8 95.8 209.63 178.26 0.907
car 513.26 115.48 532.78 147.08 0.625
truck 80.57 95.89 211.99 178.19 0.975
car 603.61 109.15 639.11 124.19 0.887
person 207.46 11.11 422.02 284.28 0.999
dining table 0.29 262.8 500.28 422.18 0.935
car 421.51 112.11 529.86 161.01 0.95
car 543.44 113.76 595.37 151.6 0.957
cat 217.8 196.03 524.88 397.61 0.999
