tie 292.97 89.71 309.68 121.46 0.997
tie 192.64 81.42 208.72 121.41 0.994
person 483.68 19.05 638.37 259.74 0.995
person 590.72 0.26 639.88 99.52 0.9
person 104.7 13.5 266.74 253.18 0.666
person 505.41 0.64 624.49 93.23 0.967
person 255.2 0.2 403.05 99.56 0.985
person 6.06 5.83 158.36 211.85 0.861
person 219.01 0.46 284.23 76.94 0.917
person 453.19 0.31 517.43 140.27 0.964
tie 82.72 73.74 97.99 93.35 0.824
person 5.96 12.48 261.73 257.27 0.99
person 91.67 0.29 187.52 81.69 0.969
person 3.55 5.37 173.74 256.25 0.925
person 197.5 14.74 378.12 254.56 0.992
bench 3.24 110.25 640.03 259.59 0.945
person 492.34 0.31 628.68 149.74 0.858
tie 413.32 79.19 430.11 106.79 0.995
person 351.01 6.4 488.23 259.44 0.97
