car 297.62 261.29 321.89 275.49 0.535
person 278.4 264.97 288.4 293.35 0.982
person 454.82 252.17 485.99 346.05 0.999
car 386.14 270.06 406.83 284.82 0.606
car 393.94 269.6 433.13 290.19 0.996
person 325.36 259.37 333.59 268.49 0.712
person 576.76 251.49 626.79 384.52 1.0
person 533.88 249.61 576.76 368.68 0.999
car 301.56 270.01 320.71 292.58 0.835
person 511.44 249.75 528.6 267.71 0.975
person 318.87 265.57 340.35 318.39 0.999
person 320.24 258.14 327.68 266.21 0.535
car 293.58 262.95 322.73 291.89 0.986
car 334.43 264.61 359.12 285.63 0.985
car 293.86 261.52 320.99 277.88 0.507
person 603.07 238.21 619.77 269.87 0.961
handbag 571.47 304.62 586.36 331.57 0.877
handbag 570.89 272.32 589.05 330.27 0.929
car 336.53 269.12 355.8 292.98 0.792
car 358.73 268.09 384.56 286.13 0.993
car 378.57 269.85 402.24 286.93 0.993
bus 426.64 143.27 638.95 350.66 0.999
car 379.39 269.23 398.08 279.44 0.509
