handbag 0.2717 0.5635 0.2979 0.6318 0.825
handbag 0.048 0.5411 0.1325 0.7632 0.759
person 0.7325 0.3687 0.8783 0.9941 0.999
cup 0.6195 0.6072 0.6454 0.6362 0.963
bowl 0.5913 0.6346 0.6326 0.6678 0.968
handbag 0.0 0.6105 0.0554 0.6918 0.633
person 0.0001 0.4446 0.0761 0.9236 0.993
cup 0.5239 0.6348 0.5517 0.6713 0.936
handbag 0.0489 0.6439 0.1262 0.7668 0.699
bowl 0.8368 0.5547 0.8756 0.5954 0.622
person 0.8743 0.138 0.9999 0.9928 0.994
person 0.8364 0.4365 0.8884 0.7123 0.829
person 0.0456 0.4692 0.129 0.8622 0.98
handbag 0.2788 0.5043 0.3145 0.6367 0.874
tie 0.4007 0.4679 0.4284 0.5276 0.915
person 0.6169 0.4175 0.662 0.6066 0.562
handbag 0.2942 0.7516 0.3737 0.9461 0.978
person 0.2729 0.4534 0.3207 0.7328 0.993
person 0.217 0.4315 0.2808 0.8098 0.995
backpack 0.0732 0.5449 0.1367 0.7085 0.945
person 0.3033 0.3404 0.4917 0.9928 1.0
person 0.7509 0.4498 0.7718 0.4808 0.517
person 0.1189 0.4217 0.2225 0.8791 0.998
person 0.8405 0.4397 0.879 0.5507 0.926
dining table 0.4782 0.6137 0.8224 0.9917 0.964
person 0.0523 0.4705 0.1162 0.6846 0.627
person 0.5157 0.3755 0.6624 0.6214 0.996
person 0.7024 0.3923 0.7634 0.6386 0.996
cell phone 0.6065 0.5373 0.6291 0.5586 0.876
bowl 0.6176 0.6087 0.6453 0.638 0.797
person 0.6146 0.4183 0.6557 0.5118 0.99
