bench -0.0003 0.3487 0.4729 0.9291 0.927
person 0.5586 0.0248 0.6146 0.0618 0.694
suitcase 0.6103 0.351 0.8798 0.7307 0.731
person 0.8383 0.0567 1.0 0.343 0.937
person 0.0554 0.0013 0.1958 0.2626 0.741
person 0.0427 0.0001 0.1752 0.0982 0.648
bench 0.6056 0.2054 1.0003 0.5485 0.967
bench 0.4032 0.2011 0.9988 0.5506 0.819
person 0.8443 0.0558 1.0 0.284 0.874
person 0.4486 0.0 0.6947 0.2528 0.782
bench -0.0009 0.3469 0.7828 0.9272 0.61
person 0.1281 0.0011 0.4939 0.3717 0.993
person 0.0001 0.003 0.076 0.4014 0.9
person 0.6796 0.0002 0.7855 0.2039 0.688
suitcase 0.0749 0.2754 0.2337 0.43 0.975
suitcase 0.0816 0.1739 0.1741 0.2828 0.766
person 0.4139 0.0004 0.5787 0.2694 0.639
person -0.0001 0.0003 0.0704 0.1371 0.62
backpack 0.1501 0.0137 0.3449 0.1794 0.933
person 0.8257 -0.0 0.916 0.0763 0.806
person 0.2673 0.2718 0.8701 0.9434 0.999
person 0.4467 -0.0001 0.5697 0.0934 0.924
person 0.4969 0.0172 0.6995 0.2624 0.983
bench 0.0003 0.3457 0.8809 0.9246 0.794
person 0.7384 0.0247 0.8815 0.2191 0.983
backpack 0.0574 0.0292 0.1712 0.1786 0.93
person 0.6863 0.0004 0.7764 0.1122 0.647
person 0.6132 0.0214 0.7146 0.1727 0.755
