backpack 137.57 231.51 183.37 253.77 0.749
person 454.8 121.58 497.99 153.08 0.96
person 165.96 66.51 194.85 165.36 0.995
person 351.13 100.33 374.76 130.25 0.879
person 274.83 105.9 323.98 142.78 0.929
person 70.1 111.73 121.58 153.96 0.97
person 0.22 52.74 84.08 330.86 0.998
surfboard 339.68 90.96 398.4 122.43 0.991
person 205.85 71.21 227.01 165.41 0.995
chair 303.01 123.74 321.53 143.65 0.724
person 266.74 106.65 297.29 142.88 0.962
person 189.56 68.92 211.85 163.94 0.887
person 120.95 56.42 170.73 248.02 0.996
backpack 199.21 233.64 224.11 256.25 0.962
person 188.77 69.85 209.78 162.86 0.92
person 228.07 184.0 325.1 296.18 0.999
chair 360.73 116.33 387.02 132.48 0.718
surfboard 306.84 217.05 403.84 270.22 0.528
person 318.14 117.38 378.76 186.89 0.985
person 316.56 112.08 355.18 147.23 0.86
person 312.63 169.87 400.4 268.85 0.998
