motorcycle 78.53 122.39 263.65 269.4 0.868
person 270.46 0.32 307.75 61.36 0.965
motorcycle 192.49 127.96 610.66 423.04 0.848
motorcycle 72.3 58.76 275.79 267.8 0.909
motorcycle 161.07 114.71 268.83 229.47 0.566
person 322.31 0.51 368.48 128.25 0.998
person 405.1 32.85 428.56 128.89 0.73
person -0.05 10.3 43.28 272.93 0.525
motorcycle 183.25 66.74 279.32 131.33 0.542
motorcycle 73.77 46.27 367.54 268.68 0.931
person 150.88 0.32 204.1 70.78 0.523
person 227.57 56.68 259.38 86.04 0.964
motorcycle 125.41 50.58 456.62 339.08 0.982
motorcycle 180.66 45.68 354.3 139.27 0.523
person 414.29 0.8 476.09 127.11 0.818
motorcycle 190.05 60.34 611.4 421.9 0.966
