handbag 0.1489 0.2622 0.182 0.3561 0.883
bench 0.0008 0.3612 0.351 0.8585 0.87
traffic light 0.4689 0.1413 0.4874 0.1759 0.989
person 0.5194 0.2676 0.5434 0.3796 0.984
person 0.4909 0.2636 0.5133 0.3678 0.845
car 0.2771 0.2994 0.3153 0.3371 0.99
person 0.7574 0.2594 0.7884 0.3893 0.995
bus -0.0002 0.1862 0.2218 0.3604 0.965
person 0.6908 0.2587 0.7114 0.3113 0.522
person 0.7059 0.2608 0.7298 0.3529 0.817
person 0.9848 0.24 1.0 0.3137 0.782
car 0.9248 0.4304 1.0 0.6041 0.799
person 0.6366 0.264 0.6554 0.3508 0.864
person 0.5895 0.275 0.6177 0.3874 0.993
truck 0.3252 0.2699 0.4151 0.3355 0.827
traffic light 0.4726 0.1411 0.4898 0.1759 0.678
person 0.4962 0.266 0.5205 0.3776 0.943
person 0.1822 0.3103 0.2267 0.3594 0.707
traffic light 0.9119 0.2822 0.9331 0.3045 0.68
person 0.4788 0.2649 0.4976 0.3309 0.692
car 0.8516 0.3083 0.9546 0.4065 0.996
person 0.4278 0.2716 0.4459 0.3368 0.802
person 0.644 0.2625 0.662 0.3485 0.562
person 0.7163 0.2604 0.7413 0.3502 0.937
car 0.3337 0.2683 0.421 0.3353 0.943
person 0.6768 0.2648 0.6991 0.332 0.738
person 0.5682 0.2722 0.5937 0.3772 0.935
person 0.0612 0.1669 0.1807 0.3641 0.951
traffic light 0.4259 0.0392 0.4471 0.079 0.994
car 0.2295 0.3009 0.2636 0.3374 0.933
person 0.5091 0.2624 0.5329 0.3777 0.87
person 0.9511 0.2481 0.9739 0.3093 0.881
traffic light 0.6127 0.1028 0.6348 0.1682 0.552
bus -0.0002 0.1883 0.0879 0.3597 0.782
person 0.0603 0.166 0.244 0.7312 0.947
person 0.2629 0.2855 0.2798 0.3396 0.644
suitcase 0.6217 0.3486 0.6466 0.3796 0.503
person 0.6669 0.2649 0.6917 0.3705 0.958
car 0.1631 0.2716 0.2338 0.3488 0.578
car 0.923 0.295 1.0 0.5989 0.981
person 0.4377 0.2691 0.4612 0.3278 0.932
car 0.2411 0.2927 0.2719 0.3342 0.826
person 0.5263 0.2673 0.5488 0.3797 0.696
fire hydrant 0.573 0.4841 0.6952 0.86 0.999
traffic light 0.5984 0.1081 0.6244 0.1884 0.891
