person 0.7589 0.2493 0.9805 0.5105 0.997
person 0.7739 0.7829 0.7915 0.8059 0.876
person 0.7618 0.7834 0.7785 0.8064 0.864
person 0.7432 0.7851 0.7598 0.8091 0.95
person 0.7007 0.7876 0.7188 0.8148 0.966
tie 0.4894 0.4793 0.5026 0.516 0.857
person 0.5293 0.8061 0.5472 0.8326 0.928
person 0.7975 0.7852 0.8136 0.8058 0.724
person 0.5077 0.803 0.5286 0.8322 0.714
person 0.7826 0.7834 0.7991 0.8052 0.789
person 0.4857 0.8077 0.5054 0.8349 0.806
person 0.7767 0.7823 0.7937 0.8052 0.872
person 0.4704 0.3898 0.535 0.5289 0.997
person 0.7422 0.7852 0.7578 0.809 0.834
person 0.6504 0.7988 0.6642 0.819 0.867
person 0.3946 0.9233 0.42 0.9583 0.656
person 0.4018 0.4414 0.4638 0.5539 0.993
person 0.2574 0.8032 0.291 0.9685 0.819
person 0.6395 0.7989 0.6544 0.8209 0.876
tie 0.9588 0.2423 1.0 0.3825 0.606
person 0.356 0.888 0.3828 0.9578 0.817
horse 0.0455 0.4352 0.2678 0.7349 0.993
person 0.7194 0.7871 0.7351 0.8104 0.507
person 0.7059 0.7873 0.7225 0.8139 0.715
person 0.2593 0.7997 0.2881 0.8688 0.752
person 0.8218 0.7769 0.8447 0.8054 0.901
person 0.5047 0.8057 0.5234 0.8333 0.645
person 0.8294 0.7763 0.851 0.8061 0.685
person 0.6596 0.2857 0.7763 0.5692 0.998
person 0.5686 0.8071 0.5853 0.8297 0.929
person 0.6485 0.7983 0.662 0.8196 0.667
person 0.671 0.7978 0.684 0.8168 0.881
tie 0.7229 0.389 0.7339 0.4309 0.984
