boat 45.61 238.18 299.6 279.99 0.832
person 301.06 227.02 329.35 309.54 0.998
boat 243.45 114.54 288.41 123.56 0.512
boat 43.37 236.93 250.55 272.53 0.756
person 515.48 225.03 537.15 308.88 0.993
backpack 474.05 241.33 497.25 275.4 0.91
handbag 371.93 294.86 393.31 320.53 0.794
boat 90.11 211.77 209.24 249.77 0.611
person 498.9 84.53 505.38 97.44 0.729
handbag 472.9 240.6 496.43 275.47 0.767
boat 353.33 251.76 540.38 280.06 0.568
boat 441.05 254.52 561.73 279.95 0.777
person 420.53 218.21 447.25 267.9 0.708
person 415.63 256.76 445.8 316.51 0.63
person 551.87 99.87 558.76 117.09 0.921
person 241.96 212.24 266.52 290.22 0.997
person 535.58 111.25 542.89 122.99 0.588
person 529.97 224.88 546.94 295.75 0.966
person 334.94 227.74 359.12 258.79 0.994
boat 495.55 113.71 533.47 124.6 0.848
person 483.95 111.84 490.52 123.7 0.667
person 500.62 92.83 508.0 106.77 0.69
boat 504.56 95.88 543.23 114.98 0.728
boat 340.07 116.65 454.97 128.75 0.923
person 488.5 111.57 495.63 123.4 0.758
handbag 384.64 295.76 405.63 320.91 0.693
boat 251.23 111.2 308.1 122.13 0.884
handbag 241.89 287.2 265.89 309.39 0.771
suitcase 195.34 275.58 227.56 294.02 0.533
person 387.76 214.17 416.15 267.55 0.989
boat 75.29 214.11 568.32 283.21 0.641
boat 237.66 118.27 313.95 128.32 0.974
boat 78.71 212.47 392.71 280.66 0.734
backpack 242.26 287.17 266.77 309.11 0.729
boat 0.02 118.13 47.93 132.96 0.972
boat 44.63 225.3 255.4 270.69 0.789
boat 237.0 121.12 284.82 128.6 0.74
boat 259.75 249.77 562.1 281.32 0.67
handbag 404.21 296.79 430.16 321.31 0.875
person 420.79 219.28 448.2 315.43 0.97
person 178.9 221.29 198.71 279.46 0.99
boat 44.86 237.43 191.88 268.38 0.63
person 298.32 112.33 305.38 120.9 0.657
car 389.65 90.56 418.54 104.27 0.716
handbag 452.73 284.12 479.08 311.46 0.855
boat 376.23 118.4 455.32 129.8 0.839
boat 259.86 250.19 561.26 280.75 0.706
person 385.51 214.01 417.59 304.65 0.737
person 391.62 256.65 429.42 318.66 0.96
person 415.99 116.13 434.3 125.01 0.569
handbag 376.55 294.06 400.48 321.27 0.701
car 417.2 86.16 445.81 100.25 0.954
person 458.53 227.31 489.11 308.87 0.996
