chair 301.08 352.46 323.29 384.16 0.649
cup 60.91 472.75 114.08 585.31 0.632
chair 334.99 378.29 380.5 446.65 0.743
chair 338.23 375.73 479.92 460.91 0.659
chair 337.21 377.39 379.48 447.98 0.581
chair 331.36 313.96 479.78 424.19 0.843
person 254.38 171.43 274.71 199.31 0.958
chair 331.29 261.05 480.09 455.37 0.921
person 265.0 165.35 313.33 263.95 0.982
cup 130.68 463.11 237.8 638.68 0.998
chair 0.01 322.19 39.96 393.08 0.92
car 323.16 193.81 387.52 231.63 0.997
cup 21.61 468.96 114.0 589.28 0.989
chair 291.37 253.2 322.07 295.19 0.921
bottle 21.39 456.84 92.37 638.08 0.998
person 32.54 65.68 334.92 459.53 0.999
dining table 0.27 434.7 479.31 632.48 0.988
chair 346.82 383.59 479.74 459.28 0.73
cup 365.25 620.36 479.19 639.95 0.545
person 267.83 164.82 345.32 429.88 0.78
sandwich 234.73 480.45 359.39 568.85 0.989
chair 291.06 258.4 330.34 377.29 0.527
person 301.83 115.97 479.94 455.28 0.998
