person 220.79 0.08 268.22 28.37 0.939
tennis racket 145.94 409.26 321.19 467.97 0.999
chair 399.8 98.74 479.99 214.38 0.995
person 66.27 0.06 133.37 29.29 0.988
chair 328.64 0.19 372.99 33.61 0.589
person 385.46 -0.02 446.25 37.02 0.742
person 387.86 0.09 479.98 39.39 0.975
sports ball 178.3 559.39 204.07 585.23 0.999
person 162.99 0.04 231.51 31.73 0.993
person 114.0 0.03 163.31 26.11 0.951
person 0.05 0.08 26.99 23.58 0.712
person 210.34 149.79 394.91 636.88 0.998
person 263.87 -0.05 355.1 32.77 0.997
