laptop 44.83 221.97 227.63 456.7 0.569
chair 159.9 135.47 312.78 313.83 0.819
mouse 311.01 337.75 349.44 374.72 0.996
chair 13.68 1.52 130.13 166.16 0.996
laptop 380.1 197.96 557.93 401.9 0.602
laptop 374.62 196.7 564.85 333.33 0.997
chair 441.93 89.89 543.51 223.36 0.901
chair 525.01 1.81 639.84 190.76 0.968
chair 158.07 138.53 265.23 390.24 0.932
chair -0.08 188.93 35.09 387.85 0.983
chair 159.95 138.84 226.58 312.86 0.9
laptop 44.09 223.81 229.2 418.37 0.993
keyboard 96.77 327.81 209.88 411.5 0.831
person 194.11 61.92 376.61 378.78 0.999
keyboard 417.1 251.32 482.26 322.39 0.635
keyboard 300.17 268.3 387.11 325.46 0.987
chair 445.03 89.5 603.79 217.67 0.976
