potted plant 346.97 268.84 421.78 384.47 0.931
wine glass 183.87 603.27 239.64 639.95 0.636
cup 184.78 603.61 240.24 640.0 0.984
person 400.35 232.45 424.0 388.09 0.956
chair 353.43 265.59 374.84 287.64 0.965
chair 368.79 267.23 397.44 287.44 0.877
chair -0.02 301.48 39.88 409.71 0.992
knife 90.99 531.71 144.38 609.86 0.988
person 18.24 111.89 280.01 563.36 1.0
person 408.12 233.54 424.01 275.74 0.538
dining table 0.18 492.3 423.47 633.58 0.993
cup 230.06 618.48 280.65 640.0 0.629
wine glass 399.4 488.55 423.98 571.1 0.821
wine glass 405.83 485.1 423.96 530.1 0.842
cake 196.77 494.83 358.38 627.08 0.999
knife 263.09 478.11 278.0 502.21 0.991
person 204.43 123.64 390.83 497.27 0.999
