sports ball 0.5302 0.3252 0.5393 0.337 0.6
person 0.3759 0.2843 0.4353 0.4629 0.959
person 0.2094 0.4242 0.2499 0.5254 0.902
baseball bat 0.6787 0.8724 0.7994 0.9141 0.993
baseball bat 0.7787 0.8613 0.8344 0.9001 0.857
person 0.0763 0.2616 0.1446 0.4186 0.978
backpack 0.7166 0.5201 0.7507 0.5678 0.807
person 0.6265 0.8065 0.9587 0.9999 0.896
person 0.9355 0.8045 0.9999 0.9994 0.943
person 0.2708 0.4168 0.3293 0.5267 0.971
chair 0.4211 0.3161 0.4469 0.3753 0.929
baseball glove 0.935 0.5337 0.9799 0.5964 0.809
person 0.9286 0.3549 1.0001 0.7654 0.99
person 0.402 0.349 0.4432 0.4151 0.873
chair 0.8626 0.5514 0.9568 0.6964 0.924
person 0.2171 0.279 0.292 0.4314 0.989
chair 0.6622 0.3902 0.6949 0.4695 0.874
person 0.8184 0.3325 0.8766 0.4357 0.973
person 0.4924 0.3219 0.562 0.4704 0.987
baseball bat 0.2586 0.5126 0.3385 0.5788 0.993
person 0.3026 0.2872 0.3786 0.4989 0.99
person -0.0 0.2599 0.0417 0.4126 0.971
baseball glove 0.1845 0.4206 0.2134 0.4711 0.976
backpack 0.5103 0.4849 0.5454 0.5305 0.871
person 0.1515 0.3028 0.2287 0.5613 0.989
chair 0.2441 0.3333 0.2859 0.409 0.942
person 0.3187 0.3855 0.4993 0.7736 1.0
person 0.6264 0.9228 0.8059 0.9999 0.962
chair 0.0112 0.289 0.0586 0.4138 0.991
person 0.7977 0.8026 0.9596 0.9998 0.939
person 0.5785 0.1848 0.6842 0.5456 0.999
backpack 0.5736 0.5056 0.6233 0.5458 0.576
sports ball 0.5084 0.649 0.526 0.6733 0.997
chair 0.1018 0.3042 0.1529 0.4218 0.974
