bottle 318.44 131.39 340.34 200.58 0.549
pizza 337.22 310.63 471.39 382.29 0.563
person 393.04 5.96 620.77 192.04 0.999
knife 511.54 200.54 549.63 215.7 0.55
pizza 328.9 191.15 574.59 278.52 0.65
pizza 422.4 196.15 570.6 271.4 0.764
pizza 335.89 198.32 542.57 251.48 0.59
pizza 519.97 193.98 576.76 214.13 0.93
cup 259.54 181.48 290.55 240.62 0.607
pizza 501.83 171.19 544.03 188.52 0.929
bowl 287.92 152.89 327.32 187.95 0.959
bottle 336.35 127.76 363.42 196.34 0.995
pizza 324.25 303.8 476.15 382.74 0.863
cup 451.35 127.46 491.54 163.62 0.967
pizza 169.17 347.5 320.34 452.93 0.762
knife 160.07 225.37 211.9 240.85 0.837
dining table 1.3 121.39 617.08 471.38 0.756
person 138.94 0.66 271.94 208.57 0.999
fork 471.78 102.62 500.19 134.21 0.674
pizza 183.34 226.33 217.18 242.05 0.941
person -0.29 0.66 191.68 281.65 0.997
cell phone 207.75 148.71 236.08 163.66 0.996
pizza 139.72 258.85 478.43 439.6 0.997
dining table 2.07 142.4 620.1 472.11 0.939
cup 442.09 174.94 473.52 198.41 0.942
pizza 325.01 345.55 459.73 447.3 0.993
pizza 334.13 193.38 569.47 272.33 0.927
knife 510.92 199.3 567.51 219.48 0.665
knife 175.27 210.9 198.85 228.59 0.627
pizza 335.33 200.83 443.86 239.4 0.533
cup 473.78 159.98 504.76 205.91 0.986
pizza 331.92 192.42 571.67 278.92 0.795
