bottle 407.9 415.97 437.47 521.27 0.995
person 527.86 0.06 639.77 524.89 0.999
person 39.83 30.36 197.23 173.66 0.998
tennis racket 170.2 301.63 269.22 519.01 0.999
person -0.08 113.61 38.77 171.78 0.983
person 372.54 0.5 460.77 140.94 0.994
backpack -0.1 174.88 160.72 340.04 0.747
person 173.95 22.04 499.35 522.27 1.0
chair 373.62 124.66 479.68 203.41 0.965
chair 23.06 119.68 43.93 158.48 0.643
person 278.2 -0.3 381.0 120.18 0.915
cell phone 98.7 149.17 125.31 166.39 0.693
bottle 363.31 443.87 385.66 521.89 0.996
