person 139.94 195.39 159.43 218.91 0.642
car 514.37 148.25 544.98 160.59 0.507
person 278.78 305.96 312.23 328.05 0.652
person 524.19 128.19 531.16 138.32 0.509
person 572.97 123.84 582.09 136.84 0.888
car 508.81 143.16 560.6 162.22 0.648
person 629.0 101.41 640.01 138.48 0.53
person 592.26 122.12 601.19 133.97 0.501
person 275.6 306.71 299.36 326.35 0.58
person 585.09 121.93 595.03 133.88 0.795
car 606.07 124.81 631.97 143.72 0.947
car 93.74 149.77 154.58 169.5 0.995
person 401.21 134.05 413.63 148.81 0.942
person 578.76 122.19 588.25 134.16 0.766
person 583.39 121.93 592.4 133.62 0.585
car 147.44 288.39 378.29 375.02 0.999
person 81.32 150.05 96.13 171.91 0.974
car -0.04 151.87 56.29 182.51 0.996
person 185.79 144.77 200.55 165.3 0.966
person 114.58 197.75 131.15 217.46 0.702
person 369.2 136.95 378.9 154.26 0.878
car 277.8 139.2 330.53 150.77 0.992
person 629.25 100.28 639.65 122.61 0.814
person 147.76 194.79 168.21 218.83 0.722
person 621.63 116.92 633.38 137.85 0.834
person 588.98 121.9 598.46 133.74 0.734
bus 63.46 142.24 500.97 309.37 0.999
car 0.0 236.88 4.1 262.6 0.526
person 114.55 149.19 124.62 171.17 0.734
car 362.1 135.09 405.6 150.44 0.973
person 376.1 136.72 385.18 153.92 0.734
person 379.3 136.44 389.01 153.89 0.864
