person 0.0682 0.5022 0.1011 0.5583 0.617
giraffe 0.5243 0.3584 0.7643 0.6933 0.963
person 0.0056 0.4737 0.0352 0.5615 0.966
person -0.0 0.4847 0.0193 0.5597 0.723
person 0.1265 0.4596 0.1734 0.5606 0.998
person 0.0419 0.4757 0.0776 0.5526 0.869
person 0.0257 0.4793 0.0822 0.5592 0.996
person 0.2168 0.4981 0.2494 0.5516 0.995
person 0.1021 0.4962 0.1403 0.5642 0.964
person 0.0772 0.5006 0.1133 0.5557 0.953
giraffe 0.2065 0.2945 0.4872 0.7548 0.982
person 0.0901 0.4933 0.1253 0.5578 0.58
person 0.0337 0.4733 0.0608 0.5215 0.557
giraffe 0.3999 0.3232 0.6736 0.7015 0.818
person 0.0948 0.4797 0.1236 0.5503 0.984
