tennis racket 109.59 370.39 145.18 426.46 0.99
person 238.84 315.56 281.29 382.44 0.836
person 221.55 335.47 240.53 355.19 0.578
backpack 37.76 322.62 66.64 375.75 0.947
person 371.79 307.3 418.6 380.9 0.993
person 236.92 349.79 262.27 383.42 0.906
person 362.57 300.25 385.83 334.82 0.785
person 302.3 312.86 324.18 348.21 0.691
person 288.03 331.82 320.4 382.59 0.989
person 422.11 308.79 455.23 351.08 0.596
person 162.65 289.73 212.23 372.84 0.977
person 452.25 309.77 479.19 361.62 0.799
person 415.47 309.63 438.96 352.71 0.874
backpack 194.49 329.51 223.29 374.69 0.94
person 170.01 344.11 220.78 466.33 0.785
backpack 282.42 341.38 306.58 379.31 0.919
person 0.2 296.81 53.45 383.36 0.982
person 186.28 136.92 200.84 168.45 0.866
person 43.24 310.74 62.36 335.52 0.527
person 214.76 309.28 240.75 354.19 0.957
person 80.92 175.78 234.48 600.44 0.999
person 440.45 308.35 461.36 345.46 0.861
person 55.5 310.48 82.2 350.21 0.926
person 436.39 332.31 470.47 380.18 0.904
person 239.93 317.11 298.83 382.16 0.802
person 279.47 309.28 305.08 348.34 0.915
person 331.56 299.6 379.21 382.2 0.996
