pizza 0.1205 0.6502 0.2699 0.8039 0.988
person 0.4271 0.1357 0.463 0.1829 0.994
person 0.3093 0.1035 0.4127 0.2693 0.997
cup 0.3707 0.2891 0.4012 0.3495 0.509
tv 0.1407 0.0173 0.231 0.2161 0.771
chair 0.0151 0.3873 0.1473 0.8649 0.696
dining table 0.0003 0.1838 0.3261 0.3862 0.595
dining table 0.4198 0.4905 0.9991 0.9897 0.684
pizza 0.4624 0.6286 0.6826 0.7614 0.998
keyboard 0.0 0.2733 0.0306 0.3308 0.905
chair -0.0 0.8273 0.1832 0.9985 0.849
bottle 0.9403 0.6177 1.0 0.7733 0.873
pizza 0.7257 0.5902 0.9798 0.6864 0.768
person 0.6966 0.2127 0.7613 0.2718 0.783
cup 0.3168 0.2354 0.3553 0.3128 0.714
person 0.6083 0.1888 0.8005 0.3402 0.989
pizza 0.2682 0.8522 0.458 0.9513 0.733
dining table 0.0009 0.2246 0.3956 0.3955 0.816
refrigerator 0.3976 0.1787 0.5691 0.4447 0.645
tv 0.2367 0.1158 0.2981 0.225 0.684
tv 0.0504 0.0005 0.1516 0.1722 0.921
chair 0.0 0.3853 0.1854 0.9907 0.864
dining table 0.1189 0.4828 0.9976 0.9876 0.668
pizza 0.5289 0.8267 0.7211 0.933 0.764
person 0.2959 0.1574 0.3219 0.2288 0.8
pizza 0.8681 0.6014 0.9811 0.6806 0.824
refrigerator 0.3884 0.1778 0.5705 0.5071 0.559
person 0.4325 0.1795 1.0002 0.5969 0.998
