person 324.33 25.21 363.85 76.25 0.831
chair 381.89 35.22 407.24 56.43 0.609
person 260.86 9.33 306.33 85.06 0.508
tie 224.58 27.84 236.99 52.2 0.824
person 540.14 197.3 608.45 370.57 0.998
person 67.68 2.28 125.35 134.64 0.919
person 444.34 20.17 495.05 85.3 0.522
person 477.33 89.76 512.79 164.76 0.645
bench 172.72 51.62 344.34 122.18 0.594
person 404.35 289.92 514.45 426.27 0.995
person 444.7 118.7 528.48 259.73 0.986
person 406.6 87.11 444.59 159.98 0.737
person 340.11 199.92 436.43 337.09 0.962
person 500.98 56.7 543.93 178.35 0.62
bench 172.55 56.37 296.41 120.05 0.543
person 408.47 35.58 448.94 100.31 0.616
person 501.43 56.07 538.69 121.17 0.71
person 344.85 26.44 390.73 87.22 0.617
person 247.93 271.55 366.04 421.8 0.992
person 449.57 71.01 491.13 130.01 0.814
person 27.05 31.33 96.8 196.3 0.991
person 254.16 0.1 291.92 38.77 0.508
person 409.32 21.26 451.87 103.45 0.684
person 238.4 16.14 279.17 88.8 0.744
person 340.22 63.5 395.85 155.62 0.982
person 205.48 6.32 246.04 82.44 0.86
person 32.0 304.35 111.64 474.46 0.998
person 203.38 149.38 335.62 291.36 0.999
person 412.75 89.91 447.15 160.65 0.801
person 107.51 25.45 153.01 115.02 0.741
person 253.22 20.59 291.52 72.39 0.572
bench 577.75 128.1 639.72 195.16 0.53
chair 181.26 54.59 215.55 87.27 0.509
bench 536.96 129.75 592.61 185.73 0.78
person 444.65 72.95 502.6 181.47 0.607
person 337.43 199.11 439.84 414.69 0.594
tie 363.16 44.85 377.03 74.26 0.514
person 382.28 72.55 424.43 160.83 0.903
person 320.58 266.27 428.3 451.15 0.981
person 398.83 0.07 436.37 45.9 0.55
person 389.24 36.75 423.34 80.22 0.699
