sports ball 328.17 267.89 336.33 276.94 0.729
sports ball 441.8 303.58 449.96 312.61 0.854
sports ball 597.05 256.64 604.1 267.35 0.567
sports ball 614.17 258.0 621.88 267.53 0.869
sports ball 608.41 259.23 616.12 269.7 0.669
sports ball 604.83 259.7 612.22 270.54 0.652
tennis racket 142.76 107.67 199.33 208.44 0.999
sports ball 600.78 257.98 608.41 269.31 0.793
sports ball 327.93 18.64 339.52 30.83 0.999
sports ball 189.17 311.89 196.04 318.25 0.99
sports ball 607.94 257.23 615.6 267.0 0.787
person 143.01 128.11 304.16 424.63 1.0
sports ball 173.41 308.59 180.62 315.56 0.991
sports ball 627.5 308.89 635.41 316.47 0.985
sports ball 280.19 308.6 288.56 317.08 0.994
chair 319.33 250.41 357.45 317.88 0.992
sports ball 336.05 269.75 343.16 277.65 0.6
sports ball 337.36 271.48 344.36 279.07 0.622
sports ball 319.63 308.67 325.78 315.65 0.989
