person 0.0 0.4417 0.0313 0.7205 0.54
person 0.4461 -0.0001 0.5305 0.3384 0.852
person 0.3356 0.0001 0.5323 0.3502 0.547
person 0.3307 -0.0001 0.525 0.7705 0.525
person 0.6959 0.1857 0.9321 0.9169 0.999
sheep 0.2931 0.353 0.7019 0.9914 1.0
person 0.3326 0.0008 0.5267 0.4519 0.996
person 0.0 0.4418 0.039 1.001 0.951
person 0.2759 0.1538 0.3708 0.6775 0.998
cell phone 0.7373 0.2851 0.7662 0.3314 0.571
handbag 0.6796 0.0289 0.9017 0.4076 0.977
person 0.6914 0.0008 0.9757 0.5805 0.973
person 0.6869 -0.0 0.9775 0.7825 0.776
