person 319.98 255.44 341.2 289.57 0.999
sheep 345.94 291.24 362.9 328.82 0.915
sheep 279.82 279.79 302.15 297.65 0.517
cow 522.66 296.55 550.33 346.34 0.611
sheep 473.46 292.47 495.67 338.83 0.921
sheep 352.58 294.1 368.74 336.55 0.862
sheep 457.14 292.4 480.71 337.27 0.975
cow 410.79 293.57 437.0 337.23 0.567
sheep 521.55 296.05 550.13 347.74 0.98
sheep 338.31 290.11 354.69 323.74 0.715
sheep 481.83 293.6 503.68 339.01 0.702
sheep 302.58 283.6 322.55 306.69 0.895
sheep 484.25 274.17 508.59 299.03 0.668
sheep 322.32 290.73 343.9 326.08 0.976
sheep 439.09 288.85 458.39 329.3 0.667
sheep 374.0 294.38 393.81 339.54 0.875
sheep 294.73 280.69 315.23 299.55 0.642
sheep 363.2 294.2 381.46 337.38 0.854
person 287.46 260.8 302.61 284.07 0.99
bus 163.28 258.31 202.48 286.6 0.987
sheep 427.61 288.93 447.61 329.81 0.907
sheep 494.86 294.17 518.56 339.45 0.964
sheep 332.22 290.16 349.34 323.76 0.742
sheep 356.33 293.92 373.83 337.17 0.935
sheep 386.8 294.92 409.96 341.12 0.89
sheep 409.55 293.51 436.09 338.49 0.977
sheep 386.04 293.87 407.28 339.97 0.883
