bottle 0.1171 0.6752 0.1976 0.8411 0.607
bowl 0.1539 0.8218 0.2561 0.9441 0.992
cup 0.366 0.6902 0.4291 0.7845 0.994
chair 0.787 0.2856 0.9994 0.9931 0.596
bottle 0.1742 0.4808 0.2284 0.7288 0.99
chair 0.9305 0.2909 0.9999 0.7183 0.811
cup 0.325 0.7639 0.3851 0.8857 0.974
chair 0.9269 0.2884 0.9999 0.8942 0.742
spoon 0.3056 0.7312 0.3612 0.7968 0.519
bowl 0.0836 0.5331 0.1901 0.6628 0.94
chair 0.246 0.2515 0.5376 0.6359 0.996
spoon 0.3101 0.7037 0.3543 0.7656 0.855
cup 0.2576 0.8892 0.3348 0.9998 0.94
spoon 0.2196 0.7721 0.2815 0.8644 0.737
bowl 0.2316 0.7457 0.3285 0.8471 0.786
knife 0.3885 0.6297 0.4716 0.6682 0.75
dining table 0.001 0.4894 0.5797 0.992 0.612
bottle 0.2683 0.5361 0.3239 0.73 0.777
dining table 0.0015 0.6626 0.3759 0.9915 0.578
dining table 0.0029 0.6318 0.5756 0.9897 0.9
cup 0.1757 0.6541 0.2309 0.7441 0.533
bowl 0.3802 0.7542 0.5544 0.8814 0.908
cup 0.3601 0.8929 0.4316 0.9999 0.983
person 0.4352 0.0137 0.9686 0.9874 0.999
