sports ball 41.48 214.5 47.32 220.37 0.966
person 326.7 85.67 335.87 101.57 0.664
baseball bat 117.68 510.43 184.48 579.11 0.993
baseball glove 249.89 195.08 271.3 225.0 0.793
baseball bat 335.17 392.81 392.34 406.61 0.801
baseball bat 202.89 198.15 225.23 323.95 0.981
person 254.86 97.75 268.94 122.72 0.849
baseball bat 224.74 396.12 305.31 408.87 0.871
person 603.24 104.98 617.38 128.71 0.902
person 390.8 74.54 400.46 96.28 0.603
person 487.19 70.66 504.76 97.72 0.897
sports ball 339.49 416.14 356.95 430.78 0.962
baseball glove 199.95 190.72 216.81 215.79 0.527
person 205.29 82.57 261.48 286.17 0.861
person 332.04 85.11 341.41 101.26 0.742
truck 193.14 66.66 225.92 109.04 0.594
person 121.46 54.65 225.37 337.23 0.999
person 113.46 59.47 145.62 87.19 0.961
person 51.02 74.0 155.52 400.35 0.999
person 244.97 65.56 331.33 341.81 0.999
person 582.06 101.83 594.8 127.96 0.956
baseball bat 249.14 228.55 269.95 336.3 0.827
person 296.35 343.98 438.31 470.97 0.999
person 337.3 84.81 346.69 101.17 0.73
baseball bat 225.26 391.81 393.56 408.24 0.816
