person 0.0623 0.5928 0.1146 0.7817 0.891
person 0.8747 0.6977 0.9101 0.8599 0.994
person 0.7981 0.5917 0.8203 0.654 0.839
person 0.8281 0.7119 0.8614 0.8615 0.987
person 0.6873 0.7128 0.719 0.8483 0.996
person 0.9265 0.69 0.9584 0.8594 0.871
person 0.4928 0.7582 0.5148 0.8606 0.885
person 0.9241 0.6897 0.9515 0.79 0.631
person 0.9495 0.6914 0.9846 0.8562 0.991
person 0.7333 0.7174 0.7512 0.775 0.629
person 0.919 0.6886 0.9441 0.7849 0.675
person 0.2186 0.7125 0.2548 0.8454 0.972
airplane -0.0002 0.0029 0.9997 0.8472 0.87
airplane 0.0011 0.4024 0.409 0.809 0.811
airplane -0.0001 0.1383 0.9998 0.8438 0.523
person 0.9215 0.703 0.9546 0.8689 0.989
person 0.9858 0.7044 1.0 0.8354 0.931
person 0.6521 0.7054 0.6874 0.8608 0.996
person 0.6705 0.7085 0.699 0.8536 0.535
person 0.0757 0.5938 0.1018 0.6529 0.839
