person 0.1427 0.4785 0.1551 0.4942 0.625
car 0.8304 0.4318 0.9041 0.5003 0.998
person 0.9839 0.4021 1.0 0.4679 0.769
car 0.8137 0.4336 0.8302 0.4518 0.619
person 0.9337 0.3967 0.9816 0.4731 0.842
person 0.0041 0.4889 0.0301 0.5481 0.862
person 0.0 0.4999 0.0163 0.5615 0.76
car 0.2099 0.4998 0.2329 0.55 0.944
person 0.9279 0.4183 0.963 0.488 0.747
person 0.9353 0.397 0.9846 0.5273 0.904
person 0.1798 0.4741 0.2004 0.5445 0.993
car 0.8723 0.416 0.9009 0.4339 0.814
person 0.0544 0.4841 0.0791 0.517 0.961
car 0.83 0.4324 0.8479 0.4511 0.654
person 0.0058 0.4879 0.0309 0.5583 0.81
person 0.1986 0.4731 0.2179 0.5403 0.895
person 0.2052 0.473 0.2238 0.5318 0.881
person 0.129 0.4808 0.1428 0.4966 0.843
person 0.0123 0.4875 0.0324 0.5234 0.75
car 0.0147 0.4905 0.1886 0.5811 0.999
person 0.1906 0.4732 0.2052 0.5089 0.507
person 0.9808 0.4038 1.0 0.4975 0.626
bus 0.2231 0.1607 0.8163 0.6717 0.999
car 0.8203 0.4338 0.8378 0.4522 0.621
person 0.1225 0.4859 0.137 0.5014 0.735
person 0.9538 0.4496 0.9865 0.535 0.653
person 0.2119 0.4726 0.2307 0.5377 0.865
person 0.1378 0.4829 0.1516 0.4986 0.787
bench 0.9189 0.4547 0.9722 0.4965 0.649
person 0.6304 0.406 0.6596 0.461 0.988
person 0.1144 0.483 0.1287 0.4993 0.757
