chair 124.64 245.9 234.66 295.3 0.518
umbrella 135.14 157.67 344.03 228.83 0.967
chair 111.25 251.64 189.74 294.39 0.801
umbrella 471.9 163.34 606.38 280.61 0.968
chair 264.42 277.78 313.69 344.15 0.69
umbrella 62.45 161.85 182.93 273.82 0.991
chair 407.17 247.94 532.36 311.87 0.934
person 389.78 255.25 483.64 280.59 0.829
chair 384.28 278.75 434.36 319.32 0.527
chair 258.61 271.02 293.82 341.5 0.687
handbag 188.84 327.71 211.92 349.74 0.581
chair 251.45 228.66 278.38 267.19 0.738
chair 452.61 247.85 532.48 308.81 0.959
person 185.96 216.04 248.77 266.44 0.96
chair 245.53 239.74 281.16 295.66 0.806
person 267.8 242.91 329.01 349.22 0.998
umbrella 135.48 156.67 344.21 341.01 0.926
person 439.49 254.57 483.22 272.96 0.824
umbrella 329.51 160.29 520.19 277.67 0.568
person 216.81 208.15 261.38 299.15 0.949
chair 165.26 241.14 240.24 294.61 0.659
umbrella 469.23 163.88 606.14 211.46 0.773
chair 165.91 237.0 265.29 295.1 0.949
person 311.03 233.44 352.2 352.3 0.996
person 422.39 255.74 484.86 276.36 0.948
person 114.92 245.76 198.6 280.86 0.901
bird 11.53 359.92 46.56 386.6 0.987
chair 501.56 233.41 607.84 311.59 0.993
chair 245.24 229.1 282.42 296.47 0.676
person 180.01 239.23 228.37 267.61 0.787
backpack 532.21 261.9 584.74 288.26 0.823
umbrella 328.77 158.55 520.56 339.1 0.918
chair 267.96 261.41 371.31 346.19 0.645
chair 342.52 263.07 379.04 314.42 0.508
chair 355.31 265.64 425.01 338.92 0.832
chair 369.68 273.05 412.81 304.36 0.736
chair 335.68 263.6 382.18 343.06 0.98
umbrella 331.32 160.46 519.88 205.28 0.788
