person 12.02 212.06 27.78 244.83 0.93
person 181.83 154.84 189.16 168.78 0.754
person 75.6 238.96 97.03 305.25 0.987
person 166.29 154.13 173.1 166.88 0.914
person 90.63 233.11 107.69 285.39 0.978
person 139.58 242.66 151.56 271.72 0.62
person 167.7 153.95 174.49 166.93 0.879
person 0.78 213.15 14.42 245.35 0.903
person 15.92 245.43 36.03 301.74 0.967
person 102.9 234.2 120.31 290.3 0.991
person 23.67 211.25 36.8 245.94 0.984
person 12.02 213.14 25.04 245.64 0.507
person 63.23 236.67 82.96 295.68 0.954
person 71.76 235.99 90.71 296.02 0.577
person 37.41 244.71 60.35 305.21 0.991
boat 126.54 152.93 229.77 212.18 0.871
person 52.28 238.64 73.85 296.06 0.963
car 15.47 164.12 27.03 173.13 0.841
person 185.4 154.99 192.62 168.93 0.744
