person 37.05 195.62 55.39 221.9 0.964
handbag 131.09 222.72 143.81 240.47 0.576
person 265.02 235.65 303.99 364.77 0.7
person 131.43 192.16 147.88 220.38 0.866
car 500.18 252.0 639.88 538.63 0.999
bus 25.99 173.54 99.16 208.62 0.918
traffic light 82.49 137.79 97.93 179.9 0.98
person 297.35 217.85 314.38 241.61 0.969
car 0.0 196.06 11.67 213.67 0.856
person 213.85 211.88 232.82 228.36 0.956
person 433.93 234.83 461.04 329.52 0.998
person 147.95 208.49 168.53 259.09 0.981
person 349.2 221.41 367.93 249.97 0.942
person 229.61 242.3 312.81 488.94 0.983
car 180.11 228.73 264.53 280.83 0.998
backpack 284.62 280.2 347.12 364.86 0.542
traffic light 178.93 151.38 194.31 171.0 0.889
umbrella 310.0 167.15 402.62 238.38 0.865
backpack 209.7 296.66 249.4 379.42 0.982
person 128.73 212.78 145.39 259.24 0.983
handbag 209.84 296.07 249.45 378.92 0.709
traffic light 9.21 141.75 18.21 167.82 0.952
car 37.83 220.71 103.47 270.72 0.998
person 137.7 192.05 153.48 219.8 0.834
person 294.65 229.74 375.7 478.34 0.999
bicycle 299.21 358.67 344.56 490.15 0.998
person 386.76 234.86 413.98 331.09 0.997
person 69.11 188.36 81.21 220.61 0.868
person 267.2 236.76 303.1 318.63 0.881
person 119.28 194.51 133.64 227.12 0.906
handbag 285.04 261.04 346.13 365.43 0.993
person 330.52 217.47 349.93 253.13 0.979
car 336.54 251.95 380.0 276.12 0.932
umbrella 308.23 167.46 401.91 201.59 0.937
person 344.85 220.29 361.74 253.74 0.593
