remote 0.4745 0.1686 0.5068 0.2002 0.984
person 0.3359 0.0974 0.4348 0.2172 0.997
remote 0.3082 0.2548 0.372 0.3393 0.995
remote 0.8905 0.2559 0.924 0.277 0.976
remote 0.3219 0.2517 0.369 0.2845 0.798
person -0.0 0.07 0.0684 0.3699 0.992
remote 0.4679 0.165 0.5116 0.2388 0.578
person 0.0577 0.0636 0.5251 0.949 1.0
person 0.118 0.0652 0.1877 0.141 0.924
remote 0.7101 0.225 0.7404 0.2965 0.998
person 0.0531 0.0614 0.1896 0.324 0.851
wine glass 0.5949 0.1846 0.6276 0.223 0.879
person 0.5364 0.1238 0.975 0.8299 1.0
