bench 283.62 158.14 362.13 215.33 0.542
person 619.94 98.15 633.99 236.01 0.833
person -0.07 116.84 40.24 204.46 0.68
person 616.15 97.7 633.99 306.85 0.893
person 75.69 4.47 171.99 236.36 0.962
baseball bat 221.22 243.92 287.23 318.3 0.999
person 190.88 4.35 293.88 232.58 0.997
person -0.09 94.68 60.21 241.39 0.925
person 118.33 105.88 164.18 211.75 0.923
sports ball 66.73 197.5 94.78 222.5 0.996
person -0.04 92.52 67.94 196.24 0.85
person 0.01 97.25 104.57 287.47 0.917
person 20.02 104.85 106.66 238.69 0.862
person 76.58 108.32 110.46 211.79 0.566
person 78.37 109.31 106.93 153.03 0.719
person 271.84 88.77 589.8 609.83 0.999
