person 0.4385 0.2639 0.533 0.729 0.997
frisbee 0.1141 0.5477 0.1419 0.6496 0.99
person 0.7641 0.2455 0.8856 0.8092 0.992
frisbee 0.4488 0.7012 0.4772 0.7343 0.55
person 0.257 0.2061 0.3625 0.7381 0.995
frisbee 0.8134 0.523 0.8561 0.5766 0.866
frisbee 0.372 0.3334 0.4398 0.4144 0.997
person 0.3522 0.229 0.4599 0.7268 0.997
person 0.1786 0.3099 0.28 0.7653 0.991
frisbee 0.2222 0.5472 0.2737 0.6317 0.999
person 0.0871 0.239 0.2098 0.8348 0.998
frisbee 0.6176 0.3728 0.6766 0.4516 0.998
person 0.1712 0.2697 0.2558 0.7616 0.964
person 0.8027 0.4317 0.8919 0.8116 0.994
person 0.5116 0.2394 0.6033 0.7257 0.997
person 0.5812 0.2482 0.6936 0.7442 0.997
person 0.1761 0.2697 0.2494 0.4381 0.651
person 0.6695 0.2102 0.7904 0.7687 0.998
