traffic light 0.4812 0.1949 0.5167 0.2999 0.995
person 0.8933 0.4809 0.929 0.6435 0.985
traffic light 0.7975 0.402 0.81 0.4418 0.688
person 0.8114 0.4851 0.8375 0.6125 0.976
person 0.6911 0.4907 0.712 0.5763 0.982
person 0.3548 0.4609 0.3884 0.5897 0.986
bicycle 0.3872 0.5232 0.4498 0.6073 0.991
person 0.8514 0.4944 0.876 0.6186 0.98
bicycle 0.3789 0.5259 0.4126 0.6028 0.553
person 0.7096 0.4872 0.7297 0.5618 0.59
traffic light 0.5618 0.1727 0.6123 0.2947 0.989
person 0.7127 0.4883 0.735 0.5921 0.808
backpack 0.6442 0.5375 0.6822 0.6282 0.669
fire hydrant 0.3682 0.6454 0.3925 0.7738 0.975
person 0.365 0.4593 0.3942 0.5858 0.856
backpack 0.2084 0.4983 0.2291 0.5824 0.98
person 0.6451 0.4842 0.665 0.5431 0.503
person 0.2996 0.4796 0.3775 0.7173 0.999
person 0.3116 0.4449 0.3417 0.5382 0.988
person 0.1417 0.4457 0.2339 0.6995 0.999
person 0.3545 0.4553 0.3853 0.5741 0.579
person 0.9303 0.4895 0.9572 0.6291 0.956
person 0.615 0.4939 0.6831 0.7381 0.999
person 0.7119 0.4934 0.7352 0.5817 0.647
handbag 0.7227 0.6588 0.7563 0.7388 0.886
fire hydrant 0.1161 0.6395 0.1435 0.7848 0.969
bicycle 0.3855 0.5215 0.4291 0.5944 0.524
person 0.9574 0.5221 0.982 0.6358 0.867
person 0.8139 0.4848 0.8395 0.6116 0.817
person 0.6578 0.4864 0.6797 0.5541 0.945
person 0.719 0.4959 0.7653 0.7525 0.999
