traffic light 0.6656 0.4126 0.6765 0.4307 0.555
truck 0.508 0.4709 0.5523 0.5145 0.834
car 0.6398 0.4908 0.8152 0.5767 0.629
truck 0.7432 0.4308 0.901 0.5508 0.75
traffic light 0.7622 0.2696 0.7936 0.3406 0.957
car 0.6403 0.5247 0.8157 0.6317 0.937
car 0.6404 0.4852 0.8215 0.5578 0.508
car 0.6399 0.4879 0.7678 0.5614 0.988
traffic light 0.5504 0.4385 0.5627 0.4586 0.969
traffic light 0.8075 0.4032 0.826 0.444 0.911
person 0.9485 0.4848 0.9963 0.6318 0.997
traffic light 0.7994 0.4042 0.8169 0.444 0.843
traffic light 0.7885 0.4066 0.8062 0.4465 0.902
traffic light 0.7455 0.2377 0.7864 0.3387 0.989
car 0.3921 0.4286 0.4689 0.4726 0.511
truck 0.508 0.4491 0.6362 0.5164 0.649
truck -0.0004 0.4405 0.2943 0.8075 0.956
traffic light 0.7553 0.2156 0.7946 0.2801 0.763
traffic light 0.0049 0.3416 0.03 0.3914 0.99
car -0.0001 0.4422 0.2955 0.8058 0.969
traffic light 0.3337 0.4111 0.3565 0.4474 0.991
backpack 0.9557 0.5031 0.9908 0.5541 0.935
traffic light 0.813 0.4045 0.8294 0.4431 0.716
car 0.4879 0.5126 0.7328 0.6595 0.987
truck 0.5097 0.473 0.5498 0.5138 0.613
truck 0.6139 0.4201 0.681 0.5127 0.773
person 0.5603 0.4635 0.5901 0.5096 0.912
truck 0.5397 0.4461 0.6422 0.5164 0.942
car 0.4976 0.5138 0.8084 0.6474 0.857
traffic light 0.1214 0.4249 0.1342 0.4496 0.777
truck 0.6184 0.4121 0.8959 0.5488 0.935
