person 0.6656 0.4854 0.6848 0.5451 0.762
person 0.941 0.49 0.9653 0.6343 0.768
person 0.8598 0.4944 0.8815 0.6146 0.976
bicycle 0.4018 0.5166 0.4512 0.6084 0.935
handbag 0.6516 0.5391 0.6828 0.6296 0.639
backpack 0.2196 0.51 0.2338 0.5829 0.674
person 0.3015 0.4714 0.3816 0.7129 1.0
person 0.1451 0.4444 0.2349 0.7018 1.0
person 0.3541 0.4523 0.3961 0.5963 0.992
person 0.9653 0.5207 0.9888 0.6356 0.901
handbag 0.9424 0.517 0.9593 0.5707 0.624
person 0.9077 0.4775 0.943 0.6438 0.994
person 0.316 0.4485 0.3427 0.5648 0.968
person 0.6985 0.4881 0.7199 0.5788 0.977
person 0.7173 0.4986 0.7416 0.5735 0.696
person 0.82 0.4821 0.8441 0.6133 0.983
handbag 0.7287 0.6461 0.7685 0.739 0.576
traffic light 0.4874 0.1969 0.5238 0.3034 0.999
person 0.7255 0.4937 0.7743 0.7535 0.999
fire hydrant 0.1198 0.6369 0.1501 0.7845 0.625
person 0.8373 0.4896 0.8541 0.5994 0.515
traffic light 0.5666 0.1847 0.6224 0.2925 0.951
person 0.6666 0.4839 0.6863 0.555 0.787
backpack 0.2156 0.4995 0.2345 0.5935 0.924
bicycle 0.3949 0.5154 0.4429 0.6077 0.958
person 0.6275 0.492 0.6928 0.7361 0.998
person 0.3771 0.4569 0.4008 0.55 0.857
