person 0.0481 0.1821 0.6554 0.8895 0.999
cup 0.4472 0.9516 0.6334 0.9998 0.572
chair 0.0001 0.4753 0.1036 0.6405 0.999
person 0.9513 0.3595 1.0001 0.6261 0.986
dining table 0.0002 0.7727 0.9997 0.9917 0.996
cup 0.9504 0.7708 1.0 0.8828 0.983
cake 0.4814 0.7737 0.8353 0.9872 1.0
chair 0.0001 0.51 0.0408 0.6503 0.843
chair 0.8288 0.4176 0.8844 0.4701 0.835
potted plant 0.8171 0.409 0.9833 0.6026 0.961
cup 0.9543 0.7688 0.9999 0.8324 0.6
person 0.4373 0.1961 0.9248 0.8009 1.0
chair 0.8746 0.4188 0.9307 0.4414 0.783
chair 0.9295 0.4148 0.9599 0.4363 0.551
knife 0.6243 0.7538 0.6578 0.7861 0.972
