baseball glove 0.9405 0.5353 0.9807 0.5885 0.696
chair 0.1393 0.3007 0.1565 0.346 0.613
sports ball 0.4568 0.7202 0.4781 0.7487 0.768
chair 0.0854 0.3141 0.1337 0.421 0.972
person 0.405 0.3423 0.4454 0.4063 0.604
person -0.0001 0.2618 0.0362 0.4069 0.889
baseball bat 0.418 0.72 0.5666 0.7538 0.949
chair 0.1358 0.3017 0.1574 0.4012 0.954
person 0.3221 0.3783 0.5068 0.776 0.999
person 0.1579 0.3007 0.2286 0.5582 0.986
baseball bat 0.6814 0.8721 0.8214 0.9197 0.98
person 0.0806 0.2605 0.1447 0.4228 0.974
sports ball 0.5115 0.4845 0.5486 0.5324 0.657
baseball bat 0.4991 0.5415 0.5459 0.5703 0.633
person 0.297 0.2834 0.3821 0.5019 0.996
baseball bat 0.6917 0.8614 0.8299 0.9127 0.996
person 0.264 0.4176 0.3305 0.5416 0.955
person 0.9162 0.3558 0.9999 0.7825 0.991
person 0.2233 0.2762 0.2961 0.4296 0.985
person 0.6358 0.9282 0.7983 0.9999 0.684
chair 0.416 0.3114 0.4451 0.3732 0.71
chair 0.0015 0.3329 0.044 0.4021 0.565
person 0.9323 0.7968 0.9999 0.9995 0.848
baseball bat 0.259 0.5122 0.3262 0.5746 0.996
baseball bat 0.564 0.5403 0.6608 0.5711 0.838
chair 0.6646 0.4009 0.6907 0.4651 0.576
chair 0.2406 0.3024 0.293 0.3827 0.533
backpack 0.7 0.4796 0.7756 0.525 0.809
person 0.8278 0.3308 0.8762 0.4389 0.967
baseball glove 0.9403 0.5449 0.9689 0.5875 0.581
person 0.3746 0.2812 0.4337 0.4522 0.987
person 0.8053 0.6903 0.9598 0.9966 0.971
person 0.5824 0.1856 0.6869 0.5673 0.999
chair 0.8469 0.5591 0.9622 0.71 0.659
baseball bat 0.7783 0.8594 0.8343 0.9 0.825
sports ball 0.6591 0.4961 0.6952 0.5543 0.628
person 0.2094 0.4194 0.2484 0.5271 0.647
chair 0.0134 0.29 0.0571 0.4104 0.98
person 0.4942 0.3202 0.552 0.4737 0.979
sports ball 0.5079 0.6483 0.5241 0.6734 0.993
backpack 0.5687 0.5111 0.6233 0.5503 0.527
