keyboard 300.87 266.86 387.8 323.09 0.968
dining table 0.59 348.73 333.43 475.94 0.638
laptop 374.24 196.33 565.68 332.64 1.0
chair 159.27 137.48 361.38 414.64 0.98
chair 14.69 1.81 144.59 164.25 0.997
mouse 69.94 371.16 103.95 407.71 0.904
laptop 44.1 216.92 231.91 423.79 0.999
chair 444.44 92.31 596.62 218.61 0.766
mouse 311.74 338.7 351.92 375.67 0.999
chair 443.46 92.25 544.08 224.32 0.99
person 195.48 61.56 375.72 379.72 0.999
chair 508.61 46.02 607.51 191.8 0.863
chair -0.17 189.16 68.31 397.68 0.948
chair 512.35 48.71 594.09 138.11 0.682
chair -0.05 188.61 31.6 392.94 0.854
chair 561.88 0.47 639.97 166.25 0.738
keyboard 97.07 323.3 220.24 415.66 0.872
chair 545.55 179.77 607.27 214.36 0.526
