person 0.5153 0.3953 0.5482 0.4748 0.99
person 0.4683 0.3998 0.4912 0.4435 0.939
person 0.3396 0.3877 0.3654 0.422 0.79
car 0.2885 0.4191 0.4146 0.5213 0.999
person 0.6711 0.4167 0.7052 0.4775 0.591
person 0.1899 0.3535 0.2099 0.4157 0.968
person 0.3671 0.4296 0.4905 0.8986 0.995
bus 0.0393 0.3145 0.1659 0.3919 0.735
person 0.6625 0.4237 0.7033 0.5954 0.551
traffic light 0.0555 0.2624 0.0848 0.3169 0.73
traffic light 0.1314 0.2542 0.1547 0.3241 0.994
person 0.6021 0.4292 0.6456 0.6087 0.998
parking meter 0.0146 0.4306 0.0496 0.4987 0.759
backpack 0.3291 0.5414 0.3922 0.7033 0.997
person 0.6757 0.4262 0.7207 0.6025 0.998
person 0.203 0.3899 0.2295 0.4814 0.995
umbrella 0.4831 0.306 0.6294 0.3753 0.955
bicycle 0.467 0.6496 0.5462 0.9017 0.999
traffic light 0.005 0.2574 0.0256 0.311 0.954
person 0.0597 0.357 0.0866 0.4153 0.966
handbag 0.4478 0.5179 0.5458 0.668 0.987
person 0.1051 0.3503 0.1242 0.4045 0.716
person 0.462 0.4187 0.5823 0.8759 0.999
person 0.5436 0.4028 0.5715 0.4649 0.977
car 0.7808 0.4675 0.9998 0.9917 0.999
traffic light 0.0399 0.2616 0.0613 0.3097 0.578
person 0.238 0.3833 0.2649 0.473 0.987
car -0.0 0.3565 0.0182 0.396 0.927
motorcycle 0.5332 0.4582 0.5923 0.5399 0.652
car 0.0581 0.4041 0.1601 0.4968 0.998
umbrella 0.4817 0.3078 0.6335 0.4292 0.715
person 0.2127 0.3504 0.2418 0.4063 0.949
