car 15.18 163.74 30.28 173.91 0.9
person 104.67 234.69 119.89 290.73 0.994
person 10.73 212.82 25.83 248.01 0.975
person 77.9 245.66 98.67 308.6 0.997
person 38.61 245.02 60.22 308.25 0.994
person 74.93 236.11 92.34 290.05 0.718
car -0.01 155.31 4.09 161.9 0.612
person 23.02 211.3 37.21 249.65 0.993
boat 128.99 153.11 229.31 216.57 0.996
car 19.97 160.76 34.95 169.76 0.503
person 92.47 232.84 108.75 286.74 0.986
person 18.02 247.8 38.71 306.28 0.994
person 53.94 238.8 72.68 298.37 0.983
person 0.02 215.13 11.83 247.38 0.94
person 70.79 235.9 89.12 274.61 0.903
