baseball glove 199.59 187.26 218.03 216.34 0.639
sports ball 549.37 143.97 559.59 154.38 0.61
person 604.52 84.23 618.91 101.33 0.55
person 254.43 95.36 270.45 118.56 0.953
person 118.58 206.44 154.38 325.79 0.67
person 245.86 96.97 260.76 120.06 0.846
baseball bat 204.83 202.45 230.4 329.11 0.994
bus 193.55 65.74 227.83 110.58 0.683
person 193.79 113.76 219.03 210.24 0.543
baseball bat 46.42 317.16 63.0 331.78 0.616
person 112.84 60.48 156.01 323.15 0.831
person 122.93 52.51 227.4 336.91 0.999
person 114.08 60.29 148.57 95.87 0.761
baseball bat 224.38 395.41 302.82 405.85 0.986
baseball glove 162.99 556.02 219.91 596.64 0.903
person 243.18 63.33 327.08 339.65 1.0
baseball glove 125.16 183.86 149.93 225.03 0.955
baseball bat 117.42 507.65 175.65 569.82 0.989
sports ball 419.35 168.08 427.78 180.8 0.786
baseball bat 225.25 390.27 390.94 408.56 0.857
person 334.67 79.53 347.98 99.18 0.935
person 255.49 94.11 268.65 117.12 0.553
person 298.12 342.08 436.49 469.62 0.998
sports ball 39.89 213.27 45.64 219.68 0.519
baseball bat 226.13 199.28 259.93 296.85 0.902
baseball bat 52.11 341.07 125.03 356.74 0.543
chair 522.13 60.5 543.03 79.45 0.547
person 603.91 104.27 618.17 127.66 0.75
chair 538.72 55.96 560.08 73.84 0.518
person 584.28 97.43 601.14 124.86 0.897
baseball bat 338.98 391.23 392.95 405.35 0.868
person 482.94 67.71 506.6 95.04 0.729
chair 556.99 68.58 576.52 86.48 0.521
person 235.59 97.4 251.43 120.59 0.668
baseball bat 239.19 203.64 264.56 333.03 0.915
person 53.04 73.28 155.16 399.61 0.999
sports ball 342.45 414.62 357.31 429.14 0.994
person 207.65 92.62 246.7 217.2 0.92
