pizza 0.2882 0.4729 0.3395 0.5063 0.959
person 0.6096 0.0012 0.9659 0.3946 0.999
pizza 0.7419 0.437 0.8964 0.5754 0.843
bowl 0.4519 0.3104 0.515 0.3831 0.598
pizza 0.6498 0.4105 0.8945 0.5665 0.884
pizza 0.7851 0.3569 0.8473 0.4004 0.962
person 0.216 0.001 0.4282 0.4425 0.999
pizza 0.5237 0.4014 0.8931 0.5514 0.883
pizza 0.83 0.403 0.8944 0.4491 0.97
dining table 0.0005 0.2593 0.9623 0.9872 0.839
cup 0.6912 0.3653 0.741 0.409 0.923
pizza 0.5217 0.4079 0.7096 0.5027 0.586
cup 0.7155 0.2624 0.7671 0.3377 0.862
fork 0.7361 0.2149 0.7788 0.2682 0.889
fork 0.2866 0.4425 0.3151 0.4774 0.547
bottle 0.4964 0.2723 0.5313 0.4273 0.986
pizza 0.5233 0.4121 0.7163 0.5043 0.643
bottle 0.6255 0.2816 0.6702 0.3959 0.972
pizza 0.2209 0.5425 0.7551 0.9382 0.997
pizza 0.5042 0.7251 0.7158 0.9354 0.88
pizza 0.6721 0.4614 0.7736 0.5404 0.603
dining table 0.0001 0.3291 0.9584 0.9866 0.913
dining table 0.0008 0.4532 0.3673 0.653 0.654
bottle 0.5279 0.2661 0.5685 0.4024 0.994
pizza 0.5255 0.4172 0.6371 0.4897 0.92
person -0.0001 0.0016 0.2844 0.5861 0.993
cell phone 0.3285 0.3091 0.3689 0.3416 0.997
bottle 0.7384 0.3275 0.7882 0.4304 0.686
