handbag 0.9529 0.5293 0.9673 0.5556 0.618
traffic light 0.0061 0.3417 0.0321 0.3892 0.976
traffic light 0.8089 0.4035 0.8278 0.4422 0.952
car 0.5021 0.5101 0.5586 0.5439 0.865
car 0.6456 0.4888 0.7671 0.5654 0.996
truck 0.5726 0.418 0.6782 0.5153 0.957
truck -0.0003 0.4399 0.2999 0.8075 0.941
traffic light 0.7434 0.2307 0.7852 0.3468 0.995
traffic light 0.5527 0.4359 0.5629 0.4559 0.894
truck 0.5085 0.4706 0.55 0.5151 0.939
car 0.4876 0.5108 0.8126 0.6591 0.999
traffic light 0.7572 0.241 0.7939 0.3485 0.952
truck 0.6645 0.4461 0.8964 0.556 0.969
car 0.7476 0.4755 0.7777 0.5429 0.544
person 0.9477 0.4814 0.9959 0.6283 0.999
traffic light 0.3371 0.4077 0.3576 0.4442 0.993
traffic light 0.788 0.4054 0.8046 0.4443 0.945
person 0.5594 0.4661 0.591 0.5156 0.947
car 0.0004 0.4392 0.2993 0.8055 0.991
truck 0.6903 0.3962 0.9005 0.5505 0.502
