person 0.2964 0.1558 0.3209 0.2278 0.858
person 0.4343 0.3099 1.0001 0.5888 0.998
person 0.3096 0.1037 0.4143 0.2732 0.999
person 0.0256 0.147 0.0891 0.2251 0.669
pizza 0.7318 0.5908 0.8532 0.6462 0.729
dining table 0.2375 0.2983 0.4024 0.3915 0.599
tv 0.2346 0.1142 0.306 0.2223 0.51
chair 0.0 0.8047 0.0893 0.8592 0.502
laptop 0.0542 0.2102 0.1704 0.2533 0.897
tv 0.0469 0.0049 0.1495 0.1769 0.909
pizza 0.4591 0.6278 0.6871 0.7638 0.998
chair 0.0001 0.83 0.1807 0.9969 0.895
pizza 0.8762 0.6136 0.971 0.6686 0.966
pizza 0.729 0.5895 0.9325 0.6825 0.576
person 0.425 0.1361 0.4584 0.1825 0.996
bottle 0.9319 0.6174 0.9999 0.7723 0.937
pizza 0.1164 0.6482 0.2689 0.808 0.991
person 0.6023 0.18 0.8037 0.3323 0.996
