person 0.4883 0.4034 0.6311 0.6355 0.997
person 0.4932 0.2652 0.5543 0.3982 0.934
person 0.1391 0.2102 0.1489 0.2291 0.703
person 0.4559 0.2658 0.5 0.3346 0.535
person 0.2639 0.1559 0.3082 0.3882 0.997
person 0.2951 0.1628 0.3327 0.3832 0.993
person 0.3534 0.4328 0.5113 0.6947 0.999
person 0.5185 0.2953 0.6 0.4483 0.955
backpack 0.3146 0.551 0.3548 0.6001 0.811
person 0.7076 0.2819 0.7596 0.3332 0.851
backpack 0.2211 0.536 0.2932 0.5912 0.961
surfboard 0.5418 0.2185 0.6232 0.277 0.688
surfboard 0.4978 0.2164 0.6217 0.2798 0.951
person 0.1096 0.248 0.1906 0.3674 0.98
person 0.5273 0.258 0.5567 0.3053 0.665
person 0.415 0.2493 0.4577 0.3376 0.986
kite 0.4128 0.0783 0.4503 0.1498 0.945
person 0.5453 0.2385 0.577 0.3079 0.837
person 0.6818 0.2021 0.6915 0.2318 0.678
person -0.0002 0.1224 0.1363 0.7786 0.997
person 0.4426 0.2507 0.4931 0.3343 0.931
person 0.1891 0.1362 0.2716 0.585 0.999
person 0.3211 0.1671 0.3568 0.3883 0.995
