chair 231.47 103.04 262.86 126.92 0.74
chair 241.68 66.6 271.08 92.47 0.836
tennis racket 556.93 284.17 574.64 316.61 0.805
sports ball 601.39 465.67 624.79 480.04 0.501
person 341.42 62.79 394.76 155.46 0.904
chair 298.0 71.25 327.91 97.9 0.612
tie 299.76 35.4 317.12 71.41 0.834
person 403.72 288.85 514.64 426.67 0.996
person 257.17 20.02 296.99 74.81 0.792
person 29.99 27.61 93.98 198.33 0.986
person 442.95 76.85 489.49 188.17 0.634
person 247.68 272.39 370.25 421.71 0.995
person 77.29 9.92 126.39 136.05 0.584
person 203.96 146.73 332.44 289.38 1.0
person 446.37 71.42 490.54 132.86 0.518
person 207.8 5.69 246.79 61.1 0.786
person 338.07 199.05 436.09 344.33 0.974
person 498.6 54.05 543.9 181.28 0.707
tennis racket 249.0 297.19 269.12 312.36 0.77
chair 184.99 58.2 217.62 88.53 0.741
person 408.62 87.83 445.04 160.22 0.883
person 388.84 39.64 421.75 77.55 0.612
tie 221.71 26.84 230.79 51.96 0.755
person 336.96 199.34 435.96 411.17 0.728
person 407.25 36.25 451.35 95.03 0.701
person 348.08 26.37 391.05 79.18 0.788
chair 257.01 107.12 286.76 131.72 0.924
person 320.5 266.83 431.22 451.87 0.996
chair 229.93 101.73 260.37 125.07 0.736
tie 357.96 45.92 374.91 79.79 0.643
chair 182.41 91.0 217.73 119.12 0.539
person 380.66 69.08 424.46 161.89 0.672
person 497.78 52.88 539.92 134.92 0.535
person 466.07 0.12 497.55 49.07 0.563
person 541.28 195.97 608.87 371.51 0.997
person 31.68 301.81 113.42 475.59 0.997
person 326.26 23.96 363.76 77.71 0.799
chair 282.71 109.87 314.0 139.27 0.743
person 261.75 -0.03 295.83 37.67 0.543
tennis racket 206.42 172.23 218.62 184.03 0.913
person 442.84 104.14 530.03 263.45 0.971
