person 413.24 341.22 422.55 349.97 0.732
person 277.65 348.92 289.6 359.7 0.508
person 507.7 338.04 516.92 346.53 0.902
person 411.19 340.34 420.52 349.86 0.749
train 16.52 302.67 563.15 410.32 0.763
person 475.91 334.67 486.85 345.48 0.961
person 507.28 336.26 516.92 344.89 0.669
person 477.81 334.94 488.4 345.57 0.725
person 337.67 343.2 349.74 355.39 0.943
person 450.37 335.03 462.23 346.9 0.987
person 526.59 330.29 545.79 344.86 0.848
person 492.91 333.86 505.53 345.76 0.945
person 467.86 336.43 477.7 346.02 0.593
train 15.37 125.66 567.99 411.5 0.683
person 459.18 337.12 469.12 346.68 0.672
train 170.12 355.58 250.62 414.88 0.619
person 461.6 390.34 491.94 404.79 0.561
person 422.01 119.17 491.11 235.2 0.996
tie 454.76 166.51 462.41 178.18 0.504
person 302.59 164.33 340.84 224.89 0.998
person 336.98 346.53 347.38 357.0 0.614
person 414.48 340.45 423.65 349.86 0.77
person 436.37 340.69 444.18 348.98 0.941
person 481.5 105.63 601.57 215.44 0.923
person 464.55 336.38 474.73 346.47 0.576
person 483.95 102.84 627.63 225.59 0.851
person 436.12 340.89 443.96 349.34 0.735
tie 314.92 202.84 323.45 220.4 0.553
person 366.33 344.73 376.54 353.56 0.839
horse 25.62 183.8 171.97 309.85 0.996
person 257.83 188.5 298.68 234.38 0.995
person 502.43 336.29 512.81 345.55 0.685
