sheep 288.89 281.7 310.06 301.75 0.935
sheep 359.34 292.93 383.13 339.89 0.948
sheep 491.09 293.08 515.56 338.48 0.864
sheep 509.67 287.74 528.36 330.58 0.518
sheep 339.78 290.73 355.59 326.0 0.913
sheep 262.36 278.45 283.4 294.89 0.942
sheep 456.89 293.31 479.96 339.05 0.989
sheep 322.35 286.8 338.85 313.3 0.629
sheep 321.52 291.39 343.21 325.05 0.993
person 289.43 261.99 304.41 286.57 0.774
sheep 267.72 274.98 287.27 294.52 0.853
truck 162.66 258.62 202.13 286.72 0.509
sheep 395.91 290.36 421.01 341.83 0.994
sheep 299.42 283.25 320.25 304.63 0.944
sheep 411.4 290.69 436.42 340.1 0.871
sheep 429.94 288.21 452.05 334.76 0.948
sheep 351.59 292.58 375.7 339.32 0.978
sheep 427.09 274.98 443.88 291.14 0.725
person 320.05 255.94 339.81 290.92 0.993
sheep 277.43 279.51 295.76 297.4 0.594
sheep 371.59 283.52 396.51 295.84 0.555
sheep 374.54 292.73 396.93 341.83 0.597
sheep 347.23 278.46 364.35 290.7 0.561
horse 477.44 269.74 509.84 295.49 0.714
sheep 495.59 292.12 520.79 338.9 0.954
sheep 349.09 278.78 366.15 291.23 0.55
sheep 517.88 289.58 547.97 346.16 0.976
sheep 339.89 291.79 356.08 329.44 0.752
sheep 347.4 293.01 368.09 336.85 0.909
car 162.47 258.34 202.62 286.07 0.981
sheep 445.0 274.47 481.11 297.17 0.742
sheep 474.85 291.56 496.37 338.56 0.98
