person 298.66 279.33 365.75 346.53 0.904
backpack 7.21 125.9 211.32 417.74 0.956
person 2.02 24.07 294.41 424.55 0.685
person -0.0 158.4 28.68 317.02 0.8
person 4.61 23.1 292.33 507.36 0.98
person -0.04 158.48 34.88 263.48 0.869
person 310.32 238.93 440.22 394.43 0.705
bus -0.26 0.2 639.71 511.13 0.898
person 296.55 281.09 380.69 395.53 0.84
person 249.4 219.12 311.69 341.93 0.968
chair 264.89 388.41 418.86 416.07 0.909
cell phone 19.29 368.45 53.9 382.25 0.556
person 347.2 240.01 440.69 358.92 0.972
person 524.82 171.93 640.18 508.79 0.989
person 0.13 407.87 64.23 511.52 0.55
person 289.45 274.77 335.06 342.41 0.869
person 429.96 239.62 582.97 378.62 0.997
