person 197.64 306.71 214.8 342.04 0.609
backpack 439.52 351.66 469.26 375.52 0.823
person 330.77 299.91 379.28 380.36 0.994
person 456.48 307.04 479.28 348.64 0.636
person 43.43 309.65 63.02 334.45 0.633
person 230.3 313.4 248.06 349.25 0.738
person 163.81 289.54 223.52 465.4 0.899
person 79.33 310.78 93.14 330.51 0.605
person 172.0 345.32 223.5 468.39 0.917
person 56.87 308.95 84.48 350.64 0.97
person 364.0 302.25 385.85 335.29 0.763
person 288.5 330.89 320.58 382.4 0.979
person 421.46 310.76 442.91 352.3 0.588
person 320.73 315.52 334.34 349.46 0.6
tennis racket 110.24 368.33 147.77 426.19 0.998
person 239.05 316.18 297.53 382.89 0.906
backpack 196.89 335.86 220.85 374.92 0.972
backpack 35.95 322.48 65.41 368.03 0.967
person 214.71 308.39 236.61 346.06 0.96
backpack 261.36 334.76 300.91 380.7 0.953
person 279.34 308.06 305.19 348.0 0.954
person 80.42 176.98 236.87 600.14 0.999
person 370.68 304.39 418.52 381.16 0.99
person 236.3 345.49 265.71 384.57 0.91
backpack 445.46 314.1 462.05 344.93 0.7
person 242.7 307.68 259.56 328.04 0.519
person 435.76 329.93 472.36 377.13 0.855
person 164.65 289.53 204.64 361.55 0.724
person 4.94 296.48 46.07 382.37 0.986
person 440.5 306.36 460.49 348.01 0.866
person 221.36 334.24 241.93 355.42 0.863
person 416.03 310.84 438.56 352.56 0.867
