person 431.81 150.0 530.63 303.52 0.999
motorcycle 225.69 156.25 252.41 219.27 0.809
person 157.26 119.8 214.72 163.16 0.633
person 78.47 97.16 138.79 161.36 0.727
motorcycle 228.59 142.51 275.41 218.6 0.997
motorcycle 157.7 156.35 237.76 240.16 0.953
motorcycle 80.64 148.28 153.47 214.37 0.966
person 359.33 127.97 434.08 248.72 0.999
motorcycle 90.97 133.54 145.5 168.03 0.704
motorcycle 153.61 143.09 240.73 240.16 0.979
motorcycle 445.15 226.31 535.33 314.53 0.997
stop sign 437.42 82.89 482.05 130.06 0.998
person 219.15 109.24 268.92 156.63 0.924
person 219.37 109.95 278.34 219.98 0.913
motorcycle 359.1 167.48 445.83 250.01 0.998
person 333.2 144.79 345.57 164.72 0.879
person 146.12 120.07 218.35 214.84 0.978
motorcycle 78.74 131.2 151.91 212.76 0.974
person 74.43 96.91 139.69 209.37 0.996
