person 358.51 165.13 384.61 252.45 0.997
bicycle 452.23 190.31 467.43 222.53 0.989
person 158.07 149.52 172.9 183.5 0.985
person 155.1 159.83 189.49 239.79 0.999
person 415.1 163.64 425.28 200.63 0.93
bicycle 197.68 175.53 223.0 203.2 0.996
fire hydrant 58.41 216.8 72.19 262.29 0.695
handbag 158.55 198.35 165.93 211.06 0.788
person 426.2 165.59 438.25 206.85 0.986
person 177.88 152.39 194.32 198.22 0.828
person 353.96 162.4 365.78 192.41 0.862
person 308.12 163.13 341.81 247.91 0.998
traffic light 384.33 122.6 396.02 143.59 0.823
traffic light 241.4 65.85 259.46 101.53 0.998
person 328.9 162.07 340.56 187.35 0.922
person 182.98 153.86 198.54 199.13 0.977
handbag 321.27 179.16 340.7 208.9 0.568
person 345.72 163.67 355.71 193.68 0.967
person 445.81 160.07 466.67 215.96 0.994
backpack 107.22 169.36 117.29 191.77 0.974
traffic light 399.45 135.01 405.92 148.24 0.654
person 354.73 163.54 368.39 196.29 0.639
person 464.34 163.25 478.56 211.35 0.981
person 71.73 148.52 118.47 235.19 0.999
person 405.63 162.5 417.47 203.59 0.992
handbag 430.28 174.37 438.2 189.54 0.505
person 477.82 176.07 491.87 212.43 0.915
