person 401.17 306.85 411.1 329.98 0.91
person 617.64 316.53 624.51 330.68 0.92
car 622.77 272.83 638.63 281.59 0.584
person 408.25 306.91 418.5 330.35 0.92
person 554.25 289.68 559.66 303.46 0.889
person 319.97 304.49 329.59 332.9 0.951
person 506.26 296.74 512.35 316.24 0.588
person 316.42 310.07 326.94 332.63 0.582
person 83.44 315.47 93.23 341.15 0.894
person 514.5 288.47 520.45 301.9 0.874
person 286.0 304.92 298.2 334.18 0.92
car 539.08 283.36 556.5 291.89 0.548
person 516.12 288.19 522.39 300.78 0.706
person 434.92 304.27 445.36 330.32 0.992
person 554.07 289.27 559.45 303.24 0.923
person 216.45 306.26 227.02 322.33 0.585
car 608.53 271.05 630.27 281.12 0.939
person 283.16 304.89 295.38 334.48 0.982
person 399.91 307.82 409.27 329.27 0.72
car 431.87 294.08 444.36 304.64 0.555
person 415.77 310.58 427.61 329.65 0.722
car 628.81 272.0 639.98 280.38 0.553
car 230.31 307.59 245.1 319.54 0.64
person 307.02 306.61 317.65 334.12 0.988
person 412.43 307.46 422.99 329.69 0.877
car 465.17 290.39 483.71 301.1 0.969
kite 206.43 92.89 522.57 209.14 0.999
car 438.5 293.99 450.84 304.04 0.885
car 529.09 283.97 549.9 292.54 0.954
person 602.25 290.03 608.44 300.19 0.927
person 506.42 296.78 512.58 316.25 0.972
car 384.4 296.61 401.59 307.81 0.758
car 577.76 274.84 595.12 285.51 0.698
car 257.15 304.48 288.12 316.3 0.992
car 123.69 319.1 156.89 332.59 0.919
car 521.3 284.81 541.3 293.65 0.896
person 362.38 303.92 370.1 328.25 0.986
person 455.14 302.87 462.56 325.63 0.987
person 345.62 318.88 352.47 331.06 0.955
car 488.04 288.44 504.86 299.22 0.681
car 585.81 275.12 604.44 286.94 0.927
person 417.93 306.52 428.17 330.27 0.906
truck 126.71 314.34 160.61 333.72 0.539
person 421.72 311.33 433.79 328.86 0.667
car 491.19 287.67 508.26 299.12 0.886
