backpack 0.4594 0.0206 0.5102 0.0883 0.936
bench 0.6024 0.2099 0.9901 0.5493 0.971
person 0.1323 0.0005 0.4982 0.3978 0.998
person 0.84 0.0354 0.9136 0.109 0.533
person 0.4977 0.016 0.7051 0.2694 0.996
bench 0.0001 0.3427 0.4821 0.9226 0.772
person 0.1229 -0.0001 0.2424 0.0368 0.57
person 0.6775 0.0005 0.8069 0.2066 0.983
person 0.4466 0.0001 0.5632 0.1068 0.972
backpack 0.0621 0.0109 0.1792 0.1863 0.953
person 0.2667 0.28 0.8699 0.942 0.999
person 0.5573 0.0265 0.6135 0.0545 0.734
bench 0.0011 0.338 0.9855 0.9249 0.984
person 0.8352 0.0549 0.9998 0.3104 0.984
person 0.0 0.0006 0.0787 0.3991 0.981
suitcase 0.0778 0.2837 0.217 0.4281 0.859
backpack 0.1308 0.0015 0.3611 0.1906 0.994
person 0.7216 0.0225 0.8822 0.2231 0.996
