person 0.2482 0.4558 0.2767 0.5105 0.817
person 0.4628 0.4314 0.4934 0.482 0.699
person 0.9803 0.2822 0.9994 0.3343 0.59
person 0.442 0.4297 0.4729 0.4864 0.795
person 0.2106 0.4614 0.2382 0.5169 0.819
person 0.3626 0.4376 0.3929 0.4868 0.69
car -0.0 0.3552 0.0854 0.4292 0.996
person 0.2965 0.4499 0.3299 0.5081 0.845
person 0.9136 0.2849 0.9295 0.3114 0.736
person 0.1774 0.3522 0.195 0.3975 0.949
car 0.228 0.6707 0.5896 0.8794 0.999
person 0.128 0.3484 0.1501 0.4023 0.939
car 0.144 0.3485 0.2444 0.3987 0.994
car -0.0 0.5517 0.0074 0.6126 0.789
person 0.8984 0.2837 0.9126 0.3159 0.827
person 0.1762 0.463 0.2039 0.5194 0.819
person 0.6262 0.4118 0.6615 0.4626 0.713
person 0.6062 0.3171 0.6255 0.3564 0.574
person 0.1902 0.464 0.2135 0.5177 0.614
person 0.2351 0.4589 0.2646 0.5131 0.772
car 0.4392 0.325 0.514 0.3498 0.992
person 0.2379 0.4566 0.2658 0.5121 0.784
person 0.582 0.3178 0.6008 0.3558 0.768
person 0.4065 0.4335 0.4459 0.4895 0.923
person 0.1798 0.4623 0.203 0.518 0.87
car 0.5645 0.3118 0.6469 0.3536 0.94
bus 0.1001 0.3256 0.7846 0.7177 1.0
person 0.5987 0.3159 0.6188 0.3548 0.799
car 0.9494 0.2928 0.9843 0.3412 0.925
person 0.1868 0.4622 0.2173 0.5199 0.878
person 0.4247 0.7148 0.4676 0.7655 0.778
person 0.6243 0.3094 0.647 0.3481 0.94
person 0.9714 0.2674 0.9881 0.3207 0.826
person 0.564 0.4238 0.5909 0.4702 0.804
person 0.2143 0.4615 0.2418 0.5168 0.851
person 0.2909 0.3376 0.3134 0.3884 0.993
person 0.9024 0.285 0.9175 0.3123 0.687
