person 602.37 441.68 639.89 480.03 0.81
sheep 394.18 372.77 453.67 461.51 0.997
sheep 352.94 375.09 409.86 460.51 0.996
sheep 430.28 371.24 485.28 467.41 0.998
sheep 507.89 388.16 554.15 466.23 0.993
sheep 475.97 376.66 524.48 467.22 0.998
sheep 119.29 424.76 254.87 479.61 0.57
dog 400.67 337.93 435.49 365.31 0.996
sheep 408.9 362.48 441.55 374.24 0.772
person 248.46 217.13 309.59 355.97 1.0
sheep 549.68 399.17 596.44 468.42 0.997
sheep 407.26 368.38 450.65 390.54 0.686
dog 61.93 325.46 124.19 357.71 0.999
