chair 23.31 120.14 45.35 160.46 0.882
bottle 410.25 411.08 440.52 519.18 0.996
cell phone 103.52 148.97 124.35 160.7 0.916
tennis racket 168.88 297.35 271.02 516.57 0.999
person 37.43 27.15 203.14 176.18 0.996
person 387.39 -0.03 465.01 137.8 0.562
person 370.84 0.09 448.49 134.45 0.932
person 278.14 0.29 380.42 119.7 0.943
bottle 363.07 440.08 386.28 518.42 0.994
chair 373.6 125.3 480.65 199.25 0.961
person 150.86 22.95 501.17 520.58 0.994
person 528.46 0.18 640.13 522.04 0.999
person 0.05 117.22 38.07 172.65 0.965
