bench 586.15 217.24 615.09 238.62 0.845
bench 613.32 229.9 633.3 254.22 0.556
person 629.13 196.28 640.0 238.14 0.697
person 404.68 191.08 420.56 221.04 0.981
person 33.05 231.64 50.11 250.5 0.968
person 611.91 213.5 630.89 257.92 0.966
car 555.67 201.48 579.95 214.4 0.978
motorcycle 134.82 240.76 149.71 265.48 0.748
person 584.8 202.99 601.98 239.09 0.512
person 135.58 226.57 147.38 254.35 0.91
person 630.83 195.17 640.0 221.67 0.755
person 85.86 228.01 97.46 238.21 0.923
person 2.84 233.01 18.5 254.16 0.634
car 523.69 207.59 534.27 217.35 0.856
bus 139.26 80.23 520.93 323.23 0.999
car 530.85 206.54 580.52 243.14 0.998
traffic light 579.29 183.39 587.33 199.23 0.767
person 602.13 191.13 632.15 249.14 0.701
person 116.48 226.13 131.08 259.97 0.992
person 0.91 233.1 19.71 270.32 0.915
person 600.01 190.01 632.97 224.22 0.981
car 521.58 207.61 531.75 217.34 0.869
car 9.08 235.21 122.51 279.06 0.999
motorcycle 118.78 240.86 133.3 263.11 0.719
person 133.68 223.83 144.54 247.31 0.937
person 589.03 202.43 610.54 233.78 0.904
