person 0.5222 0.1411 0.5582 0.2566 0.997
car 0.035 0.1324 0.109 0.1917 0.976
person 0.4107 0.1 0.4451 0.1678 0.991
person 0.3592 0.0636 0.3993 0.125 0.997
person 0.7931 0.14 0.8239 0.2161 0.962
person 0.3279 0.0698 0.3606 0.117 0.99
person 0.3067 0.3542 0.5402 0.9236 0.999
suitcase 0.4832 0.188 0.5029 0.2217 0.517
person 0.8242 0.1293 0.8685 0.2363 0.985
person 0.253 0.0804 0.2781 0.1081 0.904
person 0.6415 0.1628 0.6794 0.2198 0.744
truck 0.0331 0.1313 0.1089 0.1949 0.729
backpack 0.5546 0.1547 0.587 0.1937 0.973
person 0.5727 0.1518 0.6118 0.2546 0.935
person 0.4622 0.1392 0.5019 0.2267 0.969
airplane 0.0772 0.0265 0.7968 0.209 0.997
