chair 399.79 95.59 479.87 212.87 0.996
person -0.06 -0.0 30.14 28.76 0.9
person 63.83 -0.1 138.48 33.65 0.976
sports ball 179.3 559.62 205.17 587.66 0.997
tennis racket 146.8 407.27 320.27 469.92 1.0
person 164.56 -0.0 235.53 35.38 0.991
person 260.9 -0.03 355.65 33.63 0.995
person 213.75 147.57 393.95 636.74 0.999
person 383.97 -0.12 445.74 39.64 0.957
person 112.01 -0.1 169.92 39.75 0.515
person 215.24 -0.04 266.52 29.28 0.925
person 431.41 6.17 480.02 42.51 0.795
person 121.22 -0.08 171.11 28.13 0.957
person 382.4 -0.25 471.91 44.48 0.74
