truck 454.19 146.01 519.61 177.61 0.975
car 218.54 138.03 259.63 157.74 0.78
truck 495.13 148.13 547.25 174.52 0.65
car 501.78 150.22 548.0 174.34 0.911
truck 346.53 135.52 418.95 178.32 0.98
car 433.01 144.64 465.05 159.29 0.558
frisbee 228.68 209.2 264.7 254.99 0.999
car 301.09 153.45 356.61 182.6 0.938
person 287.07 158.71 304.67 185.33 0.925
person 253.17 195.87 352.55 358.33 0.999
truck 487.47 134.36 553.73 173.99 0.702
truck 411.1 137.25 438.13 175.54 0.594
truck 300.7 152.91 356.85 182.71 0.929
car 455.14 146.76 519.98 177.58 0.855
