chair 220.83 225.99 270.51 296.03 0.829
umbrella 329.31 156.62 517.53 339.72 0.975
chair 502.12 231.99 610.22 311.89 0.997
person 121.4 243.77 206.82 280.23 0.864
chair 252.72 228.01 275.08 259.11 0.933
chair 382.28 247.99 526.96 311.02 0.829
umbrella 135.6 154.96 343.49 337.44 0.969
chair 251.96 234.16 278.93 299.13 0.9
umbrella 133.3 156.05 344.21 225.37 0.878
person 269.57 242.04 330.92 349.1 0.999
umbrella 63.03 159.14 183.5 207.17 0.597
person 383.79 254.5 484.62 328.93 0.905
person 522.12 238.25 599.21 286.88 0.585
chair 455.03 247.19 532.25 307.79 0.99
person 121.9 243.81 199.0 273.68 0.847
chair 113.21 239.9 249.0 293.18 0.59
person 320.09 233.41 354.86 353.34 0.998
umbrella 329.26 157.7 520.07 275.23 0.753
umbrella 329.33 158.5 519.8 207.31 0.87
chair 370.06 267.14 424.28 339.36 0.842
person 188.43 240.76 237.01 268.64 0.949
chair 335.63 260.86 379.16 343.84 0.989
person 386.48 253.58 488.38 281.51 0.977
umbrella 469.96 161.29 604.27 253.95 0.979
umbrella 469.09 161.72 602.58 211.01 0.735
person 219.72 205.88 262.02 301.15 0.996
bird 2.97 359.72 45.68 386.64 0.992
chair 114.9 249.52 225.87 292.44 0.959
umbrella 470.71 195.05 522.2 207.78 0.506
chair 378.6 269.32 469.12 314.41 0.861
umbrella 62.58 157.85 184.0 271.86 0.993
