handbag 0.9268 0.7387 0.9477 0.7916 0.581
person 0.9845 0.7033 1.0 0.8348 0.895
person 0.655 0.6995 0.6892 0.8576 0.994
person 0.0657 0.587 0.099 0.6588 0.504
person 0.9224 0.6922 0.9537 0.8667 0.994
person 0.827 0.7018 0.8601 0.8572 0.989
handbag 0.8324 0.7444 0.8523 0.7922 0.841
person 0.187 0.423 0.2177 0.4649 0.609
person 0.6853 0.709 0.7177 0.8523 0.995
person 0.8752 0.6976 0.9095 0.8524 0.996
person 0.222 0.705 0.2572 0.8442 0.983
person 0.0591 0.5862 0.1076 0.7601 0.931
person 0.6793 0.7332 0.6935 0.7967 0.661
airplane -0.0004 0.3919 0.9995 0.7872 0.911
person 0.9483 0.691 0.9832 0.8539 0.991
person 0.9173 0.6931 0.9393 0.859 0.962
