person 328.5 114.29 390.83 345.98 0.998
person 515.34 205.77 572.16 388.29 0.992
person 112.92 130.47 174.85 366.07 0.998
frisbee 244.74 163.33 280.84 201.09 0.995
person 371.43 120.24 445.58 356.7 0.999
frisbee 398.25 181.42 432.07 216.87 0.994
person 120.68 152.45 184.4 364.98 0.695
person 281.91 126.97 340.96 349.68 0.997
frisbee 74.91 261.37 92.56 310.21 0.996
person 226.94 110.13 295.85 347.93 0.999
person 488.34 116.41 571.42 387.38 0.997
person 163.53 98.74 233.24 353.43 0.999
person 58.08 114.7 138.48 399.51 0.999
frisbee 143.52 265.88 175.49 301.64 0.999
person 432.49 100.09 502.84 367.9 0.999
