tie 0.306 0.3258 0.3252 0.4596 0.992
person 0.56 0.0278 0.7855 0.9893 0.947
person 0.3908 0.001 0.6266 0.3664 0.782
person 0.173 0.0459 0.5719 0.9559 0.568
person 0.1688 0.0476 0.4138 0.985 0.971
person 0.7775 0.0016 0.9635 0.5773 0.789
person 0.1435 0.0009 0.2955 0.2972 0.976
person 0.5688 0.0247 0.7628 0.7691 0.874
person 0.932 -0.0011 1.0001 0.4235 0.827
person 0.6832 0.0019 0.805 0.5525 0.959
person 0.489 0.0006 0.6288 0.33 0.961
person 0.0018 0.0161 0.2453 0.8176 0.939
person 0.3086 0.0596 0.5831 0.979 0.994
tie 0.7077 0.0067 0.7261 0.111 0.88
person 0.7876 0.0009 0.96 0.3567 0.958
person 0.7429 0.0746 0.9991 0.9903 0.989
chair 0.9644 0.3407 1.0001 0.7244 0.662
person 0.93 0.001 1.0001 0.7472 0.761
person 0.1728 0.0438 0.4063 0.719 0.555
person 0.0023 0.0177 0.2458 0.975 0.961
tie 0.6422 0.2959 0.6679 0.4107 0.996
person 0.3514 0.0012 0.4488 0.2823 0.876
tie 0.46 0.345 0.4824 0.4556 0.993
person 0.3516 0.0007 0.4497 0.3484 0.677
tie 0.8669 0.3532 0.8941 0.4561 0.833
