refrigerator 0.5189 0.3611 0.7528 0.7404 0.996
oven 0.8059 0.7811 0.9998 0.9994 0.537
refrigerator 0.3837 0.3509 0.4955 0.8668 0.958
book 0.6463 0.3401 0.7571 0.3927 0.592
oven 0.8038 0.8189 0.9621 0.9998 0.944
book 0.6522 0.2485 0.7636 0.306 0.959
microwave 0.4028 0.2551 0.6441 0.3739 0.985
refrigerator 0.5116 0.6894 0.7259 0.9972 0.835
refrigerator 0.7552 0.12 1.0002 0.541 0.959
sink 0.9338 0.7712 0.9999 0.8922 0.713
microwave 0.4863 0.2553 0.6461 0.3766 0.887
person 0.4842 0.3948 0.5472 0.7755 0.997
