giraffe 273.78 160.57 489.5 334.42 0.984
person 34.99 231.51 54.72 260.82 0.608
person 80.17 220.33 112.5 270.23 0.999
person 4.69 225.4 25.06 266.5 0.985
person 137.59 239.16 160.64 266.32 0.996
person 76.23 233.02 89.19 258.5 0.611
person 50.0 234.18 80.09 264.95 0.977
giraffe 132.29 137.04 310.79 363.02 0.997
person 64.38 234.67 84.93 263.41 0.737
person 73.81 232.55 86.31 253.02 0.824
person 17.31 228.34 56.13 266.66 0.998
person 58.11 236.94 87.32 267.07 0.976
giraffe 324.67 166.95 490.65 332.46 0.72
