person 363.04 267.26 388.15 297.17 0.667
person 405.12 272.7 460.45 358.79 0.989
person 385.97 269.55 413.37 304.2 0.992
person 117.3 270.59 145.59 398.56 0.993
person 331.15 258.81 350.63 299.1 0.867
person 126.3 270.2 143.74 294.99 0.67
person 516.02 285.39 536.01 317.54 0.657
person 562.68 272.39 596.39 346.23 0.527
person 523.76 279.76 562.7 346.02 0.922
umbrella 211.88 261.77 254.96 281.62 0.871
umbrella 113.83 260.85 148.4 283.58 0.929
umbrella 327.28 229.87 396.68 255.81 0.991
person 50.67 274.21 79.82 343.37 0.998
person 122.52 270.58 144.44 333.06 0.697
person 252.17 165.02 341.29 400.59 0.998
horse 132.15 240.73 466.42 477.78 0.999
umbrella 391.1 255.7 416.79 281.04 0.931
umbrella 508.1 264.56 572.31 292.97 0.989
person 523.27 280.8 562.14 385.35 0.916
person 561.9 272.68 596.91 382.34 0.988
horse -0.09 275.77 76.69 477.82 0.93
umbrella 330.36 250.07 412.92 276.2 0.986
person 348.86 266.6 382.06 298.61 0.975
