bowl 159.25 319.32 215.69 358.12 0.815
person 274.89 7.49 630.47 421.97 0.999
bench 508.49 118.83 640.09 421.92 0.97
cup 228.56 270.64 261.85 297.48 0.666
bench 160.29 101.96 357.96 294.23 0.624
knife 211.82 296.9 231.27 321.64 0.574
bowl 55.68 224.57 120.12 279.97 0.91
bottle 112.24 204.86 148.73 315.13 0.998
car 95.65 99.7 133.82 117.5 0.839
cup 209.88 326.07 245.23 376.27 0.992
cup 164.82 377.96 216.32 425.98 0.992
bowl 100.87 349.87 161.52 398.64 0.988
chair 507.59 118.38 640.16 422.98 0.773
spoon 290.35 231.56 304.55 245.35 0.739
car 132.45 98.51 152.6 115.08 0.799
orange 188.55 291.47 210.76 314.19 0.933
knife 253.9 266.04 302.21 283.76 0.747
cup 230.88 378.12 276.73 425.99 0.995
bottle 259.48 211.12 281.32 225.56 0.558
dining table 0.44 282.91 349.42 421.47 0.965
chair 510.09 117.73 640.37 422.51 0.565
bottle 75.96 287.09 125.2 361.02 0.826
spoon 135.34 328.48 184.0 371.64 0.979
chair 597.26 120.74 639.99 301.59 0.609
bottle 212.88 210.48 254.54 232.26 0.773
cup 234.52 289.64 283.91 331.6 0.99
