handbag 0.893 0.7249 0.9148 0.7835 0.86
bus 0.6654 0.3411 0.9992 0.8118 1.0
person 0.8323 0.5885 0.8965 0.869 0.998
person 0.4372 0.6202 0.4519 0.6892 0.991
person 0.7138 0.5925 0.7598 0.8182 0.999
handbag 0.5047 0.6318 0.5309 0.676 0.559
car 0.4746 0.6226 0.5495 0.696 0.853
person 0.4944 0.6069 0.5332 0.7621 0.999
person 0.8005 0.591 0.8263 0.6335 0.938
car 0.6173 0.633 0.6777 0.684 0.998
person 0.94 0.565 0.9696 0.6413 0.736
backpack 0.5019 0.6329 0.5259 0.6752 0.576
car 0.5594 0.6306 0.5951 0.6719 0.993
handbag 0.8909 0.6353 0.9216 0.782 0.986
person 0.9005 0.5936 0.9749 0.9042 0.998
car 0.5248 0.6244 0.5578 0.6752 0.984
handbag 0.7141 0.6603 0.7339 0.6957 0.906
car 0.5197 0.6411 0.552 0.6946 0.967
car 0.4646 0.618 0.5032 0.6889 0.988
