person 0.6875 0.0013 0.9755 0.7742 0.958
person 0.489 0.2264 0.5318 0.3438 0.548
person 0.2713 0.1459 0.3773 0.6768 0.97
person 0.703 0.1868 0.9321 0.915 0.997
person 0.332 -0.0001 0.5122 0.4555 0.994
cell phone 0.738 0.2742 0.7627 0.3299 0.95
person 0.327 0.0005 0.5107 0.7647 0.655
handbag 0.6856 0.0749 0.8963 0.4091 0.979
person 0.2724 0.1434 0.4057 0.7581 0.71
sheep 0.3116 0.3399 0.7028 0.991 1.0
person -0.0 0.4425 0.0393 0.9994 0.932
person 0.4434 -0.0008 0.5337 0.3406 0.97
person 0.6827 -0.0008 0.9756 0.582 0.928
