sports ball 601.38 266.04 609.65 273.98 0.752
sports ball 628.73 307.8 637.28 314.97 0.977
sports ball 612.19 260.86 620.04 270.7 0.874
sports ball 317.86 306.94 323.96 313.95 0.839
sports ball 174.13 308.13 180.68 314.93 0.974
sports ball 280.2 308.22 287.91 316.19 0.995
sports ball 601.48 255.98 609.02 265.38 0.83
sports ball 609.34 259.66 617.24 269.41 0.861
sports ball 595.46 257.97 603.01 268.11 0.805
tennis racket 144.8 108.4 199.46 201.22 0.998
sports ball 600.57 257.2 608.44 269.02 0.733
sports ball 596.48 262.7 603.37 271.36 0.579
chair 425.47 288.74 450.67 310.65 0.987
sports ball 609.56 253.91 616.79 262.21 0.737
sports ball 187.13 311.83 194.31 318.23 0.986
chair 318.13 250.73 359.27 318.14 0.998
sports ball 328.5 19.45 340.02 31.09 0.998
sports ball 319.39 307.96 326.82 315.46 0.994
person 144.35 125.88 306.22 425.24 1.0
sports ball 596.27 252.82 604.02 265.55 0.924
sports ball 606.2 263.89 614.17 272.66 0.809
sports ball 601.45 252.42 608.45 260.07 0.766
sports ball 596.07 253.41 603.1 261.37 0.785
sports ball 443.79 305.33 450.62 312.88 0.978
sports ball 595.55 252.35 602.02 261.35 0.616
sports ball 606.26 255.97 613.79 265.95 0.846
sports ball 597.61 261.33 605.81 270.71 0.829
