handbag 0.5549 0.5856 0.5863 0.6251 0.502
boat 0.3772 0.2568 0.4634 0.2722 0.581
surfboard 0.8045 0.5296 0.8842 0.5619 0.658
person 0.6026 0.4417 0.6511 0.5572 0.99
boat 0.2651 0.5151 0.7999 0.5922 0.603
person 0.8064 0.4653 0.8396 0.6424 0.993
person 0.7157 0.4709 0.761 0.6373 0.994
boat -0.0 0.2436 0.0741 0.2785 0.976
backpack 0.7453 0.5021 0.7759 0.568 0.976
boat 0.3863 0.2306 0.4781 0.2532 0.978
person 0.8583 0.2084 0.869 0.2411 0.748
person 0.2833 0.4557 0.3083 0.5847 0.995
boat 0.0676 0.5055 0.6331 0.5862 0.626
person 0.8596 0.2076 0.8707 0.2399 0.609
person 0.7682 0.2247 0.792 0.2574 0.678
umbrella 0.8794 0.1299 0.9125 0.1487 0.641
backpack 0.5203 0.5797 0.55 0.6201 0.781
person 0.6154 0.5349 0.6944 0.6646 0.992
backpack 0.3795 0.5939 0.4181 0.641 0.576
boat 0.6786 0.5233 0.8317 0.5869 0.558
boat 0.5192 0.2375 0.7144 0.276 0.996
person 0.6523 0.4566 0.6979 0.6537 0.869
umbrella 0.8886 0.1294 0.9193 0.1485 0.762
boat 0.0695 0.5038 0.4921 0.5789 0.885
boat 0.0637 0.4407 0.8589 0.5839 0.675
handbag 0.7059 0.5869 0.7481 0.6461 0.972
car 0.654 0.1793 0.6966 0.2069 0.956
handbag 0.5137 0.5772 0.5418 0.6211 0.818
bottle 0.351 0.5778 0.3767 0.6129 0.603
person 0.47 0.4696 0.5122 0.6457 0.999
person 0.5183 0.4708 0.5612 0.5346 0.996
handbag 0.5878 0.6085 0.6221 0.6673 0.75
boat 0.2544 0.2552 0.3658 0.272 0.956
person 0.6568 0.4545 0.6965 0.5485 0.989
car 0.6048 0.1919 0.6534 0.2194 0.87
truck 0.6525 0.1793 0.6971 0.2095 0.812
handbag 0.5833 0.6082 0.6181 0.6663 0.926
person 0.8254 0.4647 0.855 0.6148 0.975
truck 0.6081 0.1884 0.6561 0.2189 0.646
boat 0.5259 0.5208 0.8237 0.5875 0.876
person 0.379 0.4379 0.4155 0.6053 0.998
handbag 0.6186 0.572 0.6595 0.6509 0.62
boat 0.5605 0.5231 0.7311 0.5781 0.615
person 0.468 0.2345 0.479 0.2545 0.728
boat 0.0677 0.4384 0.3466 0.5532 0.854
handbag 0.6309 0.6112 0.6715 0.6669 0.815
boat 0.374 0.2491 0.4777 0.2683 0.983
boat 0.7574 0.233 0.8229 0.2612 0.965
boat 0.9572 0.2522 1.0001 0.2665 0.895
