handbag 0.2745 0.5261 0.3138 0.6459 0.627
pizza 0.5566 0.622 0.5961 0.651 0.74
backpack 0.2732 0.5213 0.3143 0.6464 0.5
person 0.8612 0.4296 0.9376 0.8064 0.796
pizza 0.5519 0.6149 0.6001 0.6473 0.894
handbag 0.077 0.5395 0.1368 0.7016 0.726
person 0.2111 0.432 0.2797 0.8035 0.997
cell phone 0.4804 0.5477 0.5015 0.5732 0.791
pizza 0.6514 0.6636 0.7295 0.712 0.508
person 0.0507 0.4672 0.1166 0.6704 0.785
person 0.3056 0.3374 0.4931 0.9926 0.999
bowl 0.5899 0.6316 0.634 0.6676 0.98
person 0.8339 0.4321 0.8947 0.7247 0.696
handbag 0.2985 0.7505 0.3631 0.9444 0.956
handbag 0.0501 0.6305 0.1228 0.7591 0.966
person 0.5143 0.3713 0.6633 0.6258 0.996
pizza 0.6698 0.6227 0.7415 0.6533 0.936
person 0.6139 0.4193 0.6545 0.5044 0.992
handbag 0.4186 0.5896 0.4594 0.7355 0.895
person 0.0479 0.4663 0.1291 0.8687 0.974
cell phone 0.6084 0.5402 0.6318 0.5629 0.96
backpack 0.0813 0.5422 0.1376 0.7003 0.912
person 0.7335 0.3693 0.884 0.9946 0.998
sandwich 0.7021 0.6644 0.7545 0.703 0.565
dining table 0.4842 0.607 0.8176 0.9902 0.942
person 0.8756 0.1255 1.0001 0.9934 0.986
person -0.0 0.4488 0.0743 0.9223 0.981
person 0.7478 0.4503 0.7723 0.4867 0.875
cell phone 0.5633 0.5111 0.5995 0.555 0.966
person 0.8381 0.4392 0.8788 0.5512 0.806
cup 0.6199 0.6019 0.6464 0.6319 0.98
tie 0.4031 0.4649 0.4292 0.5163 0.671
cup 0.5263 0.6291 0.5519 0.6707 0.988
person 0.1241 0.4185 0.2207 0.8766 0.998
sandwich 0.6501 0.665 0.7195 0.7113 0.501
person 0.2745 0.4504 0.3194 0.7292 0.992
person 0.7059 0.3922 0.7605 0.6438 0.995
handbag -0.0 0.6081 0.0604 0.7161 0.759
