person 0.3425 0.1363 0.3946 0.1999 0.767
motorcycle 0.3006 0.082 0.9614 0.9874 0.981
motorcycle 0.1136 0.128 0.4315 0.6266 0.611
motorcycle 0.1172 0.1269 0.5584 0.637 0.938
motorcycle 0.2025 0.1164 0.4374 0.3917 0.588
motorcycle 0.199 0.2564 0.6189 0.793 0.945
person 0.5034 -0.0003 0.574 0.3118 0.999
motorcycle 0.6511 0.2915 0.9618 0.6186 0.654
motorcycle 0.1189 0.1991 0.421 0.636 0.903
person 0.6386 0.0018 0.7398 0.29 0.968
person 0.4214 -0.0 0.4833 0.1494 0.949
motorcycle 0.3003 0.2611 0.9586 0.9888 0.522
motorcycle 0.197 0.0852 0.7278 0.7955 0.551
person -0.0 0.0926 0.0668 0.6423 0.939
person 0.8149 0.0001 1.0 0.4667 0.821
person -0.0 0.0019 0.2305 0.6411 0.855
