cup 400.42 488.18 423.86 565.72 0.575
person 202.85 124.04 392.16 500.39 0.999
clock 222.84 438.38 240.07 456.33 0.727
wine glass 399.89 486.3 423.91 567.75 0.992
person 17.77 114.99 280.98 562.52 1.0
wine glass 184.95 604.53 238.66 640.01 0.557
knife 93.68 539.46 156.28 601.16 0.885
cake 201.38 492.65 356.53 627.86 0.998
knife 93.13 529.99 118.48 562.35 0.827
wine glass 231.57 622.31 276.47 639.98 0.67
chair 370.9 266.0 396.59 288.35 0.983
potted plant 345.59 253.47 421.71 385.42 0.98
chair 391.4 262.5 409.15 276.09 0.977
dining table -0.09 487.97 423.76 635.43 0.988
person 400.48 229.52 424.02 406.28 0.995
chair 0.08 300.43 40.23 409.48 0.995
chair 350.67 263.71 374.2 298.73 0.995
knife 267.24 484.6 279.65 499.45 0.973
