car 0.8884 0.2824 0.9461 0.3618 0.697
truck 0.9392 0.267 0.9998 0.3616 0.592
car 0.8044 0.2891 0.8311 0.3409 0.84
bench 0.6399 0.3789 0.79 0.4829 0.959
truck 0.8466 0.2595 0.9304 0.3556 0.951
car 0.9409 0.2563 0.9927 0.288 0.882
bottle 0.2393 0.659 0.2892 0.7673 0.993
car 0.654 0.269 0.7779 0.3711 0.654
cat 0.3476 0.4499 0.8208 0.9294 1.0
cup 0.0531 0.6412 0.1099 0.7359 0.993
car 0.6544 0.2653 0.8203 0.3753 0.913
person 0.3263 0.0253 0.657 0.6705 0.997
car 0.8482 0.2607 0.9265 0.3524 0.924
dining table -0.0 0.602 0.7877 0.9866 0.947
car 0.9401 0.2692 0.9999 0.36 0.984
truck 0.1258 0.22 0.363 0.4226 0.995
