bench 0.3494 0.2891 0.4756 0.3503 0.767
person 0.3017 0.0081 0.4583 0.3657 0.998
bench 0.2608 0.282 0.4781 0.3504 0.547
person -0.0001 0.1601 0.0693 0.3727 0.971
person 0.1137 0.0094 0.2663 0.2314 0.643
person 0.1154 0.0107 0.2712 0.3628 0.946
baseball bat 0.3506 0.3772 0.4498 0.499 0.998
person 0.1198 0.162 0.1691 0.2752 0.826
person 0.4322 0.1375 0.9259 0.9514 1.0
person 0.972 0.1522 1.0 0.4829 0.917
person 0.1876 0.1575 0.2698 0.3667 0.949
sports ball 0.1082 0.308 0.1498 0.3475 0.999
person 0.9764 0.1518 1.0 0.3852 0.73
person 0.0083 0.1429 0.161 0.3845 0.995
bench 0.4623 0.2278 0.9953 0.3111 0.515
