dining table -0.06 505.27 358.85 631.12 0.823
orange 281.6 457.92 353.32 522.88 0.994
apple 202.8 437.82 283.55 526.61 0.995
knife 104.83 506.05 173.48 552.98 0.766
bowl 35.92 402.06 247.16 491.6 0.98
apple 240.45 418.9 301.85 469.53 0.993
knife 103.58 503.83 205.95 585.77 0.987
cup 274.38 352.54 359.01 474.17 0.984
cup 144.34 249.13 196.65 310.3 0.81
orange 153.43 360.99 247.26 428.82 0.977
fork 83.49 512.41 143.59 577.02 0.933
orange 129.97 387.98 205.67 442.06 0.991
person 127.71 123.69 268.39 314.85 0.915
