chair 139.08 117.26 155.94 147.05 0.873
person 465.51 265.24 499.97 331.93 0.906
person 288.1 61.16 341.11 183.86 0.999
person 479.36 152.81 499.95 261.95 0.774
backpack 254.33 162.39 274.81 178.25 0.715
person 204.96 115.81 220.67 133.86 0.578
chair 189.25 108.05 220.37 148.77 0.77
baseball bat 337.96 288.54 408.74 304.74 0.988
person 149.95 94.43 188.74 167.23 0.996
person 201.11 115.24 221.22 153.51 0.689
chair 6.64 96.71 28.09 135.75 0.94
person 133.7 138.33 163.18 176.01 0.98
person 109.42 92.07 147.17 144.09 0.981
chair 113.06 103.36 145.24 146.98 0.96
bottle 8.95 146.86 14.77 157.66 0.883
backpack 348.55 158.69 385.57 176.0 0.865
person 39.2 85.61 71.71 137.95 0.992
baseball bat 280.58 180.43 308.33 190.32 0.582
baseball bat 129.15 168.72 166.38 191.86 0.997
chair 415.58 185.73 479.03 238.56 0.943
chair 50.44 99.63 75.64 140.13 0.99
backpack 356.66 172.52 373.52 189.16 0.922
sports ball 334.51 166.69 345.47 182.82 0.525
person 424.5 268.58 479.86 332.01 0.872
sports ball 254.25 216.25 262.54 224.05 0.997
person 248.25 106.5 276.54 155.61 0.991
person 189.14 93.74 218.81 150.48 0.995
person 313.58 304.58 403.67 332.06 0.648
person 0.02 87.69 17.39 135.32 0.964
chair 51.82 106.78 72.63 139.31 0.5
person 159.61 126.19 251.92 258.32 0.999
person 406.19 110.28 438.78 147.24 0.978
person 401.02 228.63 480.46 331.02 0.967
baseball glove 467.72 179.79 487.87 195.5 0.856
baseball bat 388.27 286.07 416.64 297.92 0.745
chair 210.62 104.43 222.41 119.82 0.915
person 464.32 118.68 499.27 247.66 0.993
baseball bat 338.54 289.41 391.39 302.11 0.61
chair 5.3 96.55 27.61 135.36 0.971
chair 193.94 102.77 221.21 120.69 0.561
person 79.47 99.13 114.43 187.48 0.997
person 331.99 305.91 403.52 332.02 0.761
chair 191.82 102.85 221.98 148.48 0.653
person 105.76 140.78 126.51 176.22 0.927
