cup 0.7563 0.9748 0.9964 1.0001 0.755
dining table 0.1506 0.6796 0.9981 0.9886 0.504
chair -0.0 0.4237 0.0833 0.6264 0.984
chair 0.698 0.5933 0.7864 0.6994 0.632
cup 0.2723 0.7189 0.4943 0.9972 0.999
cup 0.0411 0.7646 0.0871 0.8729 0.761
chair 0.6935 0.4996 0.9997 0.6972 0.995
person 0.5657 0.258 0.6782 0.4842 0.989
bottle 0.0454 0.7125 0.2015 0.9974 0.995
dining table -0.0003 0.6839 0.9994 0.9879 0.619
cup 0.1195 0.7346 0.2413 0.9215 0.97
car 0.6777 0.3024 0.8065 0.3747 0.996
person 0.5664 0.2577 0.6552 0.3876 0.574
person 0.5345 0.2759 0.5666 0.3097 0.957
sandwich 0.4788 0.7466 0.7484 0.8926 0.989
person 0.0661 0.1016 0.6971 0.7148 0.999
person 0.6325 0.1799 0.9998 0.7179 0.998
dining table -0.0002 0.6757 0.9994 0.9892 0.966
cup 0.0453 0.7319 0.2433 0.9204 0.951
chair 0.6297 0.5438 0.6867 0.6103 0.951
