hot dog 436.22 206.72 499.73 240.11 0.973
person 0.23 0.54 96.86 139.43 0.579
hot dog 403.63 153.88 499.96 289.22 0.613
bottle 134.12 90.93 216.93 330.66 0.994
hot dog 417.44 117.64 499.83 165.25 0.617
person 0.17 0.31 212.25 138.9 0.976
bottle 0.0 109.29 99.86 331.03 0.556
hot dog 409.65 155.14 499.79 205.38 0.901
cup 46.93 165.3 178.77 330.46 0.998
sandwich 198.36 125.56 415.52 288.38 0.946
cup 361.37 7.38 474.24 138.38 0.958
person 198.29 203.42 376.45 330.14 0.997
hot dog 197.75 126.52 414.26 288.2 0.998
bottle -0.03 110.77 63.87 330.23 0.988
cup 378.52 232.85 430.46 307.76 0.644
hot dog 430.9 99.08 499.9 154.27 0.717
spoon 156.61 29.47 220.16 89.29 0.57
