car 139.68 111.57 157.72 125.22 0.983
car 465.86 112.23 499.97 217.15 0.776
person 485.29 90.38 497.46 116.35 0.722
person 261.05 98.21 273.21 142.56 0.993
backpack 78.25 95.29 100.08 133.13 0.543
person 240.67 98.54 248.93 119.09 0.817
car 426.8 114.89 476.25 150.09 0.985
car 124.46 108.91 147.95 126.26 0.784
person 239.42 98.38 247.78 119.73 0.791
truck 0.02 72.31 45.71 136.84 0.954
person 346.96 94.51 359.5 119.68 0.7
traffic light 210.64 14.2 224.34 32.03 0.989
person 130.72 107.58 139.16 126.71 0.884
person 31.02 63.22 100.21 135.92 0.987
person 356.27 96.07 369.85 133.46 0.963
truck 0.38 74.05 114.7 136.25 0.709
person 292.69 100.69 308.77 144.07 0.982
person 378.11 96.53 394.78 145.0 0.995
car 196.06 100.51 218.36 122.14 0.756
person 332.43 98.22 346.87 139.4 0.981
bench 0.11 140.22 175.15 321.09 0.983
person 329.35 96.88 339.28 126.86 0.537
traffic light 301.54 39.1 314.34 67.61 0.869
traffic light 235.22 51.92 243.58 63.66 0.985
person 204.42 100.11 215.95 126.16 0.688
fire hydrant 283.62 178.16 352.11 320.43 0.999
person 284.61 100.6 294.71 123.54 0.628
person 247.69 96.25 261.78 141.54 0.988
person 218.7 101.41 231.72 121.67 0.961
person 285.0 101.38 298.48 142.06 0.927
car 84.64 88.62 117.18 127.66 0.578
car 115.78 110.64 130.54 126.11 0.961
person 313.56 98.81 324.13 132.48 0.665
person 318.27 97.61 329.34 132.65 0.926
car 450.75 116.95 476.23 155.12 0.77
person 277.88 99.95 286.88 119.03 0.508
car 450.27 112.91 499.88 160.63 0.536
car 160.38 102.36 208.02 126.17 0.832
person 345.65 94.52 355.24 111.99 0.727
person 339.43 94.35 349.1 112.31 0.697
person 475.84 92.31 487.16 116.31 0.873
person 289.87 102.03 300.89 126.56 0.665
person 251.9 95.91 264.82 141.28 0.702
person 29.89 61.6 119.67 275.18 0.877
