truck 585.39 133.8 608.11 158.38 0.92
truck 507.2 144.02 555.57 174.14 0.541
truck 461.29 146.05 518.18 177.05 0.947
person 254.66 195.11 354.79 357.52 1.0
truck 298.15 151.44 368.18 180.94 0.607
car 299.88 153.71 365.71 181.38 0.984
frisbee 231.59 211.54 264.49 254.09 0.999
car 443.94 142.43 472.77 156.98 0.549
truck 494.41 136.18 555.59 173.84 0.863
truck 462.56 146.03 525.92 175.96 0.532
car 460.95 146.11 517.67 176.57 0.921
car 513.95 146.89 552.79 173.17 0.568
truck 422.38 141.18 457.04 175.28 0.747
truck 352.14 136.76 421.47 179.65 0.979
