traffic light 0.1321 0.2538 0.1551 0.3241 0.991
backpack 0.4507 0.5519 0.5525 0.6719 0.577
person 0.3717 0.434 0.502 0.8965 0.993
car 0.2882 0.4176 0.4234 0.518 0.999
person 0.5218 0.3957 0.5546 0.4606 0.973
bicycle 0.4759 0.6608 0.5443 0.9096 0.994
car 0.0497 0.4043 0.1666 0.4986 0.994
handbag 0.454 0.5642 0.5525 0.6689 0.896
backpack 0.332 0.5525 0.3942 0.7081 0.988
person 0.1079 0.356 0.1267 0.4029 0.713
person 0.4501 0.4327 0.4994 0.5467 0.507
car 0.7899 0.4611 0.9997 0.9934 0.998
person 0.5128 0.3954 0.5336 0.4399 0.709
car 0.0423 0.3978 0.1321 0.4709 0.896
person 0.2059 0.3855 0.2341 0.4767 0.951
person 0.2404 0.3794 0.2711 0.475 0.998
umbrella 0.5241 0.3083 0.6412 0.364 0.739
car 0.0 0.3596 0.0191 0.3908 0.964
backpack 0.3328 0.5388 0.4133 0.777 0.99
umbrella 0.531 0.3234 0.6378 0.4518 0.801
person 0.1919 0.3593 0.2161 0.4296 0.867
backpack 0.3338 0.5485 0.3963 0.7131 0.529
bus 0.0366 0.2368 0.213 0.3941 0.731
car 0.0415 0.4049 0.0785 0.4656 0.594
traffic light 0.2725 0.2577 0.3155 0.2823 0.733
person 0.689 0.4263 0.7319 0.6077 0.999
traffic light 0.273 0.2574 0.3395 0.3032 0.843
person 0.6128 0.4333 0.6584 0.6096 0.999
person 0.5488 0.4001 0.575 0.4739 0.933
person 0.5195 0.3947 0.5401 0.4405 0.545
person 0.0638 0.3618 0.0893 0.4058 0.92
person 0.4619 0.4289 0.5926 0.8813 0.998
person 0.4691 0.3982 0.4992 0.4452 0.983
