person 332.82 162.59 342.42 182.62 0.762
person 470.51 164.13 482.65 212.5 0.768
person 429.89 165.63 440.74 205.9 0.976
bicycle 200.9 173.05 225.59 203.82 0.935
handbag 325.82 180.61 341.41 210.92 0.639
backpack 109.81 170.85 116.9 195.26 0.674
person 150.74 157.92 190.81 238.81 1.0
person 72.56 148.88 117.46 235.1 1.0
person 177.06 151.53 198.03 199.76 0.992
person 482.64 174.44 494.39 212.92 0.901
handbag 471.2 173.19 479.64 191.18 0.624
person 453.84 159.97 471.48 215.68 0.994
person 158.0 150.23 171.37 189.2 0.968
person 349.26 163.5 359.95 193.91 0.977
person 358.65 167.03 370.79 192.12 0.696
person 409.99 161.5 422.05 205.46 0.983
handbag 364.36 216.45 384.26 247.57 0.576
traffic light 243.71 65.96 261.88 101.63 0.999
person 362.73 165.39 387.13 252.43 0.999
fire hydrant 59.89 213.35 75.07 262.82 0.625
person 418.67 164.03 427.04 200.81 0.515
traffic light 283.3 61.86 311.19 97.98 0.951
person 333.28 162.1 343.14 185.94 0.787
backpack 107.8 167.34 117.27 198.83 0.924
bicycle 197.43 172.65 221.44 203.56 0.958
person 313.76 164.81 346.38 246.58 0.998
person 188.54 153.06 200.41 184.26 0.857
