person 62.42 42.05 93.65 86.16 0.964
remote 356.99 145.95 372.19 197.27 0.994
person 32.63 41.47 265.26 616.38 1.0
remote 237.94 105.02 258.17 156.1 0.88
remote 149.99 162.64 187.45 226.37 0.986
chair 25.35 152.25 37.63 217.72 0.86
remote 160.1 162.65 189.12 186.57 0.712
person 0.05 44.58 35.53 240.24 0.982
remote 238.71 107.74 256.77 130.42 0.975
person 44.15 43.47 93.62 170.12 0.652
remote 357.68 178.67 369.81 197.6 0.633
person 180.58 64.83 221.83 138.41 0.989
remote 452.01 166.97 467.19 184.99 0.879
person 271.66 85.28 491.03 533.05 1.0
remote 452.99 167.92 467.22 184.64 0.941
