umbrella 474.53 164.39 611.03 251.67 0.507
chair 257.23 228.72 293.68 274.35 0.569
chair 434.83 249.07 538.14 310.91 0.989
person 271.35 243.56 332.87 348.08 0.994
person 116.22 243.51 227.9 274.76 0.894
person 226.65 206.62 268.39 299.47 0.993
chair 164.89 229.94 299.69 336.68 0.627
chair 339.94 264.67 383.33 342.89 0.988
umbrella 332.95 158.97 504.06 206.32 0.938
umbrella 139.95 154.44 350.02 292.89 0.703
person 298.06 275.58 336.09 345.45 0.813
chair 160.25 258.4 235.75 294.12 0.861
chair 517.99 233.01 616.25 310.56 0.995
person 183.31 239.59 234.33 267.86 0.894
chair 255.9 226.93 274.33 249.72 0.644
chair 111.66 250.37 222.43 294.59 0.849
person 186.95 238.65 201.52 253.42 0.521
person 118.3 248.57 231.02 293.16 0.554
bird 7.48 359.49 46.25 387.34 0.995
chair 255.84 232.25 304.51 340.2 0.965
chair 345.12 264.87 423.03 342.04 0.965
umbrella 61.88 159.06 183.28 283.96 0.941
umbrella 134.74 186.93 197.81 224.65 0.508
umbrella 331.22 158.91 500.74 347.76 0.945
chair 442.88 250.37 511.72 309.85 0.533
person 399.13 253.98 493.87 283.73 0.982
umbrella 474.44 163.51 608.94 255.58 0.965
umbrella 142.86 155.4 350.6 226.69 0.989
chair 376.7 248.63 534.78 328.93 0.546
umbrella 328.96 158.63 503.85 347.15 0.694
person 395.49 254.61 496.12 289.05 0.526
person 344.23 245.27 357.68 266.26 0.645
person 318.63 235.49 351.87 352.26 0.991
