bottle 0.6413 0.76 0.6931 0.9734 1.0
person 0.0585 0.0548 0.3142 0.3228 1.0
bottle 0.5721 0.8195 0.6103 0.967 1.0
person 0.4619 0.0012 0.7311 0.2426 0.881
chair 0.0365 0.2271 0.0775 0.2872 0.725
person 0.8246 -0.001 0.9997 0.9689 1.0
bench 0.0602 0.3199 0.3588 0.3859 0.641
backpack 0.0002 0.3266 0.2638 0.6343 0.624
cell phone 0.1651 0.2778 0.1927 0.3019 0.983
bench 0.0003 0.3673 0.764 0.8915 0.968
tennis racket 0.2651 0.5484 0.423 0.9632 1.0
person 0.6649 0.0012 0.7321 0.2437 0.9
chair 0.28 0.2099 0.3753 0.3205 0.768
chair 0.5866 0.2329 0.752 0.3708 0.97
backpack 0.753 0.8194 0.9312 0.9126 0.574
person 0.4015 0.0012 0.6976 0.2378 0.966
person 0.0002 0.2211 0.0632 0.3166 0.992
person 0.3314 0.0472 0.7886 0.9655 0.998
