person 0.838 0.0573 0.9997 0.2915 0.992
person 0.4475 0.0001 0.5537 0.1044 0.91
person 0.6065 0.0029 0.7104 0.1129 0.771
person 0.6765 0.0005 0.7915 0.198 0.953
person 0.7605 0.0069 0.8707 0.1226 0.635
backpack 0.0815 0.0146 0.3554 0.4187 0.681
bench -0.0012 0.3828 0.4528 0.9216 0.796
backpack 0.1185 0.0026 0.3715 0.2978 0.948
bench -0.0036 0.3791 0.4417 0.9134 0.523
bench -0.0011 0.3643 0.761 0.9148 0.502
person 0.6758 0.0003 0.8242 0.1919 0.878
person 0.7398 0.0236 0.8739 0.2198 0.99
person 0.8335 0.0184 0.9224 0.1037 0.728
bench 0.0004 0.206 1.0 0.8945 0.98
person 0.5007 0.0245 0.7003 0.2499 0.993
person 0.5973 0.0133 0.7119 0.1614 0.634
person -0.0001 0.0024 0.0787 0.4047 0.952
person 0.2704 0.2839 0.8651 0.9526 0.999
