cup 0.5857 0.3205 0.6187 0.3712 0.569
pizza 0.8339 0.3972 0.907 0.4493 0.907
cup 0.7488 0.3313 0.797 0.4195 0.991
knife 0.248 0.4623 0.3069 0.4865 0.639
pizza 0.6688 0.412 0.9036 0.5637 0.987
pizza 0.5157 0.7285 0.7277 0.9403 0.854
person -0.0002 0.0023 0.303 0.9912 0.733
person 0.223 0.0028 0.4358 0.4343 0.999
pizza 0.2315 0.5793 0.5133 0.9353 0.565
bottle 0.5032 0.2863 0.5394 0.4244 0.954
cup 0.698 0.2624 0.7728 0.3666 0.985
fork 0.2853 0.4372 0.3176 0.4826 0.828
dining table -0.0 0.4845 0.2742 0.7839 0.61
pizza 0.2208 0.5442 0.7605 0.9366 0.997
pizza 0.5495 0.4006 0.8725 0.5167 0.545
pizza 0.2637 0.4715 0.344 0.5047 0.876
person 0.0001 0.0005 0.3189 0.5789 0.985
cup 0.6377 0.2819 0.6821 0.3934 0.978
person 0.624 0.0116 0.977 0.3892 0.999
cell phone 0.3279 0.3084 0.3758 0.3423 0.997
fork 0.762 0.2265 0.8311 0.3377 0.551
pizza 0.5675 0.4157 0.8972 0.5677 0.645
dining table -0.0008 0.2744 0.9847 0.9889 0.965
pizza 0.791 0.3578 0.8386 0.3951 0.918
pizza 0.6724 0.407 0.8577 0.4829 0.723
knife 0.2479 0.4578 0.3269 0.4864 0.752
bottle 0.531 0.2623 0.5769 0.4053 0.998
bottle 0.5026 0.2702 0.5389 0.4203 0.631
pizza 0.5301 0.4296 0.6645 0.5035 0.981
pizza 0.5453 0.4332 0.6706 0.504 0.758
