handbag 0.6829 0.0562 0.9068 0.4133 0.569
sheep 0.306 0.3541 0.7087 0.988 1.0
person 0.3591 0.0023 0.5393 0.3509 0.672
person 0.4442 0.0018 0.5125 0.1043 0.783
person 0.0001 0.4444 0.0353 0.7098 0.978
person 0.2774 0.1464 0.3713 0.6795 0.999
person -0.0001 0.4464 0.0381 0.9974 0.728
person 0.4553 0.0052 0.5442 0.3515 0.913
person 0.3401 0.0282 0.4334 0.2913 0.575
person 0.6876 0.0 0.9822 0.5797 0.973
person 0.7034 0.1819 0.944 0.9131 0.996
handbag 0.6789 0.2333 0.7663 0.4033 0.838
handbag 0.6834 0.0678 0.9096 0.412 0.569
person 0.3323 0.0016 0.5276 0.4555 0.997
handbag 0.6802 0.267 0.762 0.405 0.698
