person 0.22 0.21 28.91 28.24 0.86
person 444.62 12.39 479.92 44.82 0.938
tennis racket 144.67 414.43 321.64 469.28 1.0
person 76.09 0.16 140.48 43.85 0.748
person 166.36 0.03 237.08 33.6 0.998
person 432.38 5.25 479.82 39.66 0.814
person 100.85 0.08 146.26 26.31 0.927
sports ball 178.67 563.67 204.27 588.95 0.999
person 76.69 0.18 134.43 25.72 0.905
person 267.34 0.12 357.39 37.92 1.0
chair 321.33 0.05 371.83 30.17 0.821
person 385.58 0.14 432.81 35.8 0.989
person 212.96 150.72 393.55 636.16 0.998
chair 399.78 99.14 479.86 213.01 0.992
