pizza 450.53 360.41 530.59 395.81 0.96
pizza 302.34 487.96 450.33 580.54 0.504
keyboard 32.94 129.55 97.52 153.57 0.844
tv 81.36 17.39 160.07 215.05 0.711
laptop 247.03 103.68 347.1 261.12 0.726
person 187.01 63.08 254.99 157.6 0.999
person 421.98 130.08 483.05 190.71 0.943
bottle 573.42 377.79 611.95 474.99 0.826
pizza 73.21 396.19 164.46 491.23 0.994
keyboard 76.1 129.67 105.91 148.78 0.515
tv 141.97 74.49 183.17 141.9 0.97
bottle 200.2 147.46 218.6 190.15 0.763
person 261.11 82.63 282.22 109.78 0.98
pizza 161.37 513.53 277.15 581.18 0.821
pizza 278.12 386.17 416.62 471.03 0.999
cup 191.36 138.61 209.89 163.54 0.614
keyboard 38.0 138.37 104.22 161.93 0.565
person 364.19 112.24 496.46 215.22 0.973
person 265.29 200.57 611.45 366.07 0.977
tv 34.94 0.39 101.55 113.19 0.923
dining table 90.21 319.89 608.34 604.32 0.746
knife 353.11 313.69 406.58 372.27 0.529
pizza 537.23 370.59 604.09 413.68 0.994
keyboard 0.11 167.55 30.9 199.92 0.687
