spoon 139.69 332.72 182.8 372.67 0.983
bottle 113.0 262.36 145.52 316.46 0.698
bottle 287.64 370.87 323.26 421.52 0.762
bottle 111.22 204.45 146.12 280.21 0.974
cup 235.3 293.36 278.95 333.5 0.997
cup 167.18 380.94 214.64 425.94 0.957
bottle 74.9 281.16 124.21 358.81 0.987
knife 255.97 269.14 320.46 282.15 0.911
chair 597.2 122.72 639.91 304.54 0.877
bowl 96.89 350.69 161.32 402.03 0.996
bottle 169.17 226.95 203.94 304.31 0.746
bowl 156.23 322.27 212.43 357.83 0.698
dining table 1.31 279.52 331.0 424.33 0.628
bowl 40.12 366.79 104.37 424.71 0.59
cup 230.08 381.67 278.36 425.93 0.914
chair 335.5 106.11 374.04 161.96 0.534
bottle 110.84 204.39 147.65 312.29 0.995
cup 208.66 323.94 250.17 376.28 0.532
spoon 199.26 304.77 236.4 324.69 0.575
person 283.16 7.06 637.62 422.27 1.0
chair 155.47 104.44 344.34 282.61 0.951
chair 500.22 118.93 639.7 421.99 0.904
bowl 153.61 320.84 200.93 353.04 0.69
bowl 51.18 226.12 121.97 280.5 0.94
bowl 247.47 321.95 355.76 374.38 0.958
