person 369.4 270.06 391.2 299.74 0.806
umbrella 113.86 259.8 153.11 278.53 0.597
person 511.62 284.17 540.46 346.86 0.954
person 252.0 165.42 341.85 398.69 1.0
umbrella 597.56 266.53 623.31 306.39 0.957
horse 128.74 242.03 470.18 476.99 1.0
person 354.3 268.37 388.57 298.82 0.991
umbrella 340.34 246.04 419.96 275.51 0.993
person 523.61 279.3 565.69 387.49 0.553
person 345.84 268.54 371.52 298.43 0.956
umbrella 515.04 266.34 578.6 287.23 0.994
person 565.96 271.47 603.26 374.77 0.98
person 118.26 269.13 142.68 321.89 0.765
umbrella 113.53 260.32 152.63 291.22 0.911
person 117.32 263.89 150.73 398.55 0.968
person 0.01 278.92 75.69 476.9 0.978
person 330.35 257.51 351.91 299.67 0.553
umbrella 116.42 261.28 152.29 279.01 0.822
person 411.96 273.65 463.06 356.82 0.992
handbag 426.33 290.45 458.76 323.06 0.968
person 560.57 258.24 581.63 306.08 0.819
umbrella 333.31 233.16 421.77 305.37 0.582
person 526.02 280.47 567.23 345.01 0.948
person 391.33 271.06 418.92 306.71 0.983
person 118.82 268.14 147.64 330.86 0.636
person 47.0 274.48 80.98 342.62 0.992
