person 20.39 116.52 277.87 569.3 0.999
cup 189.61 608.99 268.55 639.89 0.572
chair 0.06 304.2 43.91 409.95 0.999
person 403.36 230.06 424.04 400.71 0.986
dining table 0.08 494.56 423.89 634.72 0.996
cup 402.96 493.33 424.0 564.98 0.983
cake 204.11 495.19 354.19 631.8 1.0
chair 0.02 326.43 17.31 416.22 0.843
chair 351.42 267.25 375.0 300.87 0.835
potted plant 346.45 261.75 416.94 385.64 0.961
cup 404.61 492.04 423.98 532.71 0.6
person 185.41 125.53 392.1 512.59 1.0
chair 370.84 268.0 394.62 282.5 0.783
chair 394.12 265.49 406.98 279.2 0.551
knife 264.7 482.44 278.9 503.13 0.972
