tie 0.5734 0.1063 0.5912 0.1626 0.844
person 0.7445 0.1894 0.8035 0.342 0.728
person 0.69 0.2651 0.837 0.5438 0.992
person 0.1662 0.0555 0.249 0.233 0.657
person 0.3235 0.3062 0.5247 0.6031 0.987
person 0.0393 0.0693 0.148 0.4116 0.992
person 0.5843 0.1526 0.6592 0.3342 0.632
person 0.3968 0.0448 0.4746 0.1804 0.669
person 0.7101 0.1555 0.7704 0.2657 0.505
person 0.8512 0.4114 0.9616 0.7651 0.998
person 0.4557 0.5558 0.6501 0.9359 0.99
person 0.3884 0.5649 0.5367 0.8772 0.978
person 0.1102 0.0063 0.2021 0.289 0.912
person 0.647 0.0888 0.7158 0.2108 0.765
person 0.703 0.1565 0.7715 0.3053 0.603
person 0.6236 0.6079 0.8124 0.8894 0.995
person 0.474 0.0447 0.539 0.1657 0.657
person 0.7885 0.1111 0.8547 0.2362 0.506
person 0.5379 0.4236 0.6898 0.6915 0.992
person 0.0505 0.6294 0.1767 0.987 0.999
person 0.614 0.0842 0.6651 0.1775 0.746
person 0.5915 0.1516 0.6597 0.3373 0.709
person 0.6461 0.1909 0.6994 0.3274 0.778
person 0.5399 0.1385 0.6233 0.3223 0.967
