person 0.1318 0.4596 0.1554 0.5108 0.788
giraffe 0.6479 0.4226 0.7703 0.6898 0.626
person 0.0195 0.4771 0.0498 0.5521 0.961
person 0.1201 0.4876 0.1397 0.5415 0.896
person 0.0125 0.4751 0.0354 0.5516 0.833
person 0.1423 0.474 0.1749 0.561 0.985
giraffe 0.2107 0.2842 0.4938 0.765 0.999
person 0.086 0.4873 0.1324 0.5547 0.983
person 0.0845 0.4966 0.1131 0.5486 0.952
person 0.2258 0.4953 0.2503 0.5474 0.997
person 0.0323 0.4792 0.0874 0.5569 0.998
person 0.0025 0.5114 0.0228 0.558 0.664
giraffe 0.5394 0.3596 0.7681 0.6883 0.915
person 0.1293 0.4608 0.1641 0.5497 0.953
giraffe 0.5857 0.4118 0.7716 0.6895 0.619
giraffe 0.445 0.3327 0.683 0.6985 0.986
