handbag 0.0855 0.552 0.1415 0.7044 0.707
handbag 0.0834 0.5444 0.1375 0.7018 0.96
cake 0.5978 0.6895 0.6309 0.7196 0.729
cake 0.6586 0.6589 0.6917 0.6888 0.582
person 0.3133 0.3399 0.4984 0.9916 0.999
cake 0.5744 0.699 0.6018 0.7256 0.68
person 0.1195 0.4203 0.2227 0.8796 0.999
person 0.6273 0.4188 0.6648 0.4969 0.951
handbag 0.2978 0.7394 0.3794 0.9438 0.995
person 0.0534 0.4714 0.115 0.6615 0.723
cup 0.5368 0.6329 0.5591 0.669 0.922
person 0.2767 0.4545 0.3265 0.7403 0.976
person 0.8834 0.6473 0.9517 0.8152 0.556
person 0.745 0.372 0.8915 0.9918 0.997
person 0.8451 0.4359 0.8922 0.558 0.7
person 0.8863 0.1458 0.9999 0.9913 0.999
person 0.1022 0.4392 0.1736 0.8295 0.63
cell phone 0.2111 0.4795 0.2276 0.5095 0.628
person 0.2149 0.4333 0.2865 0.8099 0.997
person -0.0 0.4433 0.0767 0.9247 0.987
dining table 0.4879 0.6231 0.8334 0.995 0.978
handbag 0.0002 0.609 0.0632 0.7006 0.974
bowl 0.5978 0.6347 0.6432 0.6652 0.996
handbag 0.0001 0.6126 0.0638 0.7243 0.552
person 0.2844 0.4527 0.3155 0.5094 0.781
cake 0.66 0.6337 0.6923 0.6631 0.67
person 0.7086 0.3916 0.7739 0.6472 0.995
tie 0.8221 0.4719 0.8509 0.5226 0.732
cup 0.4414 0.5144 0.4715 0.5974 0.891
handbag 0.054 0.6564 0.1223 0.7574 0.983
dining table 0.4823 0.5588 0.8347 0.9888 0.833
cell phone 0.6206 0.53 0.6416 0.554 0.931
cup 0.6277 0.6056 0.6561 0.6375 0.919
cup 0.8498 0.5524 0.889 0.5959 0.777
handbag 0.2757 0.5301 0.3089 0.6173 0.594
person 0.0432 0.4709 0.1297 0.8747 0.972
person 0.52 0.3773 0.6701 0.6241 0.994
