person 0.0204 0.6723 0.039 0.7486 0.58
person 0.1178 0.7527 0.1399 0.8004 0.983
person 0.0134 0.6757 0.037 0.7847 0.981
person -0.0 0.6818 0.0163 0.7832 0.959
person 0.1448 0.7406 0.1636 0.8018 0.822
boat 0.2024 0.488 0.3584 0.6849 0.992
person 0.1652 0.7484 0.1888 0.914 0.988
person 0.0295 0.7886 0.056 0.8859 0.515
person 0.0322 0.7903 0.0617 0.9604 0.801
person 0.0745 0.7695 0.1136 0.9595 0.987
person 0.1673 0.7453 0.1811 0.7852 0.841
person 0.0373 0.6883 0.0552 0.7863 0.813
person 0.1494 0.7448 0.1814 0.9209 0.99
car 0.0191 0.5204 0.0432 0.5513 0.614
person 0.0501 0.7865 0.09 0.9682 0.998
person 0.1349 0.7506 0.1692 0.9144 0.949
person 0.0277 0.7876 0.0557 0.9564 0.977
person 0.0201 0.6784 0.0419 0.7898 0.936
person 0.1112 0.7792 0.1532 0.9774 0.998
person 0.1477 0.7392 0.1646 0.7872 0.895
person 0.0384 0.6797 0.0578 0.7898 0.994
boat 0.2511 0.4794 0.3529 0.5801 0.561
