person 420.02 313.2 445.41 355.9 0.91
person 220.09 336.22 241.28 356.64 0.808
person 456.74 311.51 479.92 362.02 0.704
person 236.6 347.25 263.73 388.16 0.938
person 164.87 300.21 222.37 459.82 0.624
person 80.23 176.34 236.58 605.2 1.0
person 237.07 310.11 262.8 355.17 0.565
person 6.23 300.92 45.14 381.0 0.982
person 165.1 296.52 208.57 379.97 0.895
person 362.83 314.88 377.21 339.04 0.539
person 269.12 313.95 284.22 342.95 0.625
person 440.09 307.66 462.25 344.86 0.721
person 311.41 294.69 326.96 312.88 0.502
person 437.46 333.55 473.35 379.01 0.843
person 173.91 349.59 223.89 463.6 0.951
person 287.66 332.12 323.33 386.66 0.964
tennis racket 111.56 370.14 145.21 425.18 0.997
person 173.26 295.5 201.98 339.08 0.556
person 57.98 313.05 84.61 351.11 0.815
person 365.22 303.5 385.7 332.25 0.687
person 372.11 308.96 420.19 384.62 0.989
person 331.44 305.69 377.28 390.43 0.997
person 36.59 360.59 68.28 386.55 0.703
person 276.49 309.73 302.1 346.87 0.953
person 299.62 314.7 324.95 349.4 0.791
handbag 198.17 333.01 220.57 374.26 0.515
person 243.63 319.38 282.44 386.72 0.958
person 215.79 313.18 238.12 353.06 0.939
person 285.18 334.32 302.67 357.01 0.666
