person 0.1132 0.2604 0.1896 0.3594 0.954
person 0.35 0.4351 0.5166 0.6967 1.0
person 0.2652 0.1628 0.31 0.3808 0.998
person 0.3254 0.1665 0.3615 0.3836 0.996
person 0.4575 0.2516 0.4953 0.3332 0.957
person 0.5048 0.2687 0.5734 0.4027 0.981
person 0.3012 0.1615 0.3353 0.378 0.967
person 0.674 0.2034 0.6864 0.2361 0.555
person 0.718 0.2839 0.7953 0.3602 0.581
person 0.6884 0.208 0.6988 0.2343 0.95
person 0.1914 0.132 0.2835 0.5698 0.996
person 0.0002 0.1202 0.1353 0.781 0.999
person 0.5137 0.2861 0.6024 0.4393 0.868
person 0.5526 0.2406 0.5831 0.2996 0.556
person 0.1919 0.1329 0.2681 0.5756 0.904
surfboard 0.4696 0.2111 0.6314 0.301 0.999
person 0.4929 0.3899 0.6376 0.6373 0.999
person 0.5474 0.2399 0.5852 0.3046 0.742
person 0.5546 0.2392 0.6083 0.3099 0.706
person 0.4217 0.2495 0.464 0.3296 0.988
