person 606.73 291.0 614.12 301.12 0.736
car 510.22 285.01 527.12 296.55 0.531
person 106.75 315.82 117.83 342.35 0.501
person 405.7 308.28 416.52 330.88 0.912
person 309.28 304.62 319.83 333.49 0.99
car 610.17 271.91 633.22 281.64 0.9
person 415.77 308.74 425.66 331.98 0.847
person 347.05 320.59 355.68 330.65 0.602
car 260.16 304.45 294.16 316.6 0.826
person 423.89 310.03 435.79 331.08 0.891
person 319.4 306.2 330.23 333.32 0.928
car 473.56 290.62 489.25 300.17 0.714
car 497.19 286.16 512.2 296.21 0.915
car 589.6 274.16 608.42 287.03 0.914
person 99.93 323.45 116.66 343.44 0.517
truck 130.98 311.56 163.12 332.08 0.574
car 238.9 306.77 250.02 314.73 0.8
person 78.49 315.67 92.26 346.77 0.967
person 624.33 314.06 631.36 329.52 0.573
person 285.76 307.31 298.24 335.75 0.993
person 410.96 308.18 420.69 330.52 0.969
person 54.19 327.28 61.84 343.99 0.942
car 466.66 291.26 481.08 300.08 0.798
kite 209.96 96.24 522.42 201.7 0.996
car 529.21 283.13 552.28 292.32 0.942
person 458.74 301.15 466.41 326.43 0.99
car 257.75 304.52 281.65 315.73 0.982
person 437.25 304.47 447.39 332.5 0.99
car 558.69 277.61 577.38 290.46 0.529
person 511.44 297.0 518.69 317.32 0.991
car 434.9 291.06 449.31 301.82 0.859
car 385.83 296.14 396.55 305.6 0.504
car 534.22 284.24 553.33 292.6 0.525
person 79.22 315.51 90.87 346.94 0.571
person 364.96 303.88 373.45 327.46 0.971
person 400.53 308.63 412.03 331.5 0.908
