sheep 0.6758 0.7857 0.7624 0.963 0.997
person 0.3905 0.453 0.4901 0.7394 0.996
dog 0.0971 0.6768 0.1958 0.7462 0.999
person 0.3898 0.4515 0.4905 0.7383 0.608
sheep 0.7839 0.8053 0.8762 0.9681 0.971
dog 0.0966 0.6783 0.1924 0.745 0.769
sheep 0.8675 0.834 0.9421 0.9694 0.986
sheep 0.6183 0.7829 0.695 0.9584 0.998
dog 0.6273 0.7074 0.6875 0.7635 1.0
sheep 0.6448 0.7756 0.7465 0.8204 0.605
sheep 0.7546 0.7923 0.8434 0.9694 0.995
sheep 0.6401 0.7744 0.7043 0.806 0.726
sheep 0.6432 0.7719 0.7538 0.8527 0.765
sheep 0.5553 0.7781 0.6547 0.9566 0.996
