car 0.8589 0.4268 0.9 0.4537 0.649
person 0.18 0.4774 0.2067 0.5412 0.724
person 0.2132 0.4712 0.2344 0.5505 0.65
car 0.0177 0.4959 0.2005 0.5776 1.0
car 0.7847 0.4385 0.7971 0.4648 0.726
person 0.6356 0.4035 0.6654 0.4692 0.925
person 0.056 0.4868 0.0839 0.5206 0.889
person 0.2121 0.4685 0.231 0.5354 0.948
person 0.9418 0.3984 0.9816 0.4965 0.974
person 0.9488 0.4007 0.9788 0.4827 0.626
person 0.0046 0.487 0.0325 0.57 0.984
person 0.9636 0.4276 0.9994 0.5392 0.989
car 0.2173 0.5064 0.2396 0.5531 0.751
motorcycle 0.1785 0.4965 0.2115 0.5453 0.517
person 0.1363 0.4743 0.1565 0.4961 0.836
car 0.8224 0.4358 0.8428 0.457 0.945
car 0.8386 0.4319 0.9113 0.5 0.998
person 0.9136 0.4166 0.9311 0.4934 0.628
bus 0.2244 0.1648 0.8276 0.6664 1.0
