handbag 0.9013 0.6371 0.9315 0.7759 0.794
person 0.4954 0.6368 0.5104 0.7011 0.808
person 0.5018 0.6283 0.5374 0.7549 0.999
person 0.4396 0.6302 0.4552 0.6955 0.993
car 0.5228 0.6227 0.5592 0.6718 0.539
car 0.5991 0.6343 0.6332 0.6792 0.64
car 0.5635 0.6347 0.5985 0.675 0.997
car 0.4694 0.6177 0.5073 0.6877 0.994
motorcycle 0.6748 0.6562 0.7118 0.7514 0.766
person 0.682 0.6336 0.6958 0.6759 0.563
handbag 0.9013 0.6855 0.9269 0.774 0.987
person 0.8397 0.5915 0.9051 0.8665 1.0
person 0.9076 0.5948 0.984 0.9048 0.998
backpack 0.5142 0.6409 0.533 0.6874 0.648
backpack 0.5094 0.6402 0.529 0.6778 0.509
car 0.5898 0.6341 0.6302 0.679 0.997
car 0.625 0.6338 0.6832 0.6845 0.998
bus 0.6777 0.3457 0.9998 0.8076 1.0
handbag 0.7208 0.6561 0.7422 0.7035 0.512
person 0.7229 0.6034 0.7659 0.8147 1.0
person 0.4534 0.6364 0.4629 0.6838 0.647
person 0.8088 0.5902 0.8319 0.6282 0.966
car 0.5145 0.6264 0.5584 0.6935 0.994
car 0.5584 0.6335 0.5813 0.6716 0.723
