baseball glove 470.25 177.73 490.36 195.39 0.696
chair 69.65 99.83 78.24 114.88 0.613
sports ball 228.4 239.11 239.06 248.56 0.768
chair 42.7 104.27 66.87 139.77 0.972
person 202.5 113.65 222.7 134.9 0.604
person -0.06 86.93 18.08 135.11 0.889
baseball bat 209.0 239.04 283.28 250.25 0.949
chair 67.91 100.17 78.7 133.19 0.954
person 161.05 125.59 253.39 257.62 0.999
person 78.96 99.83 114.31 185.31 0.986
baseball bat 340.69 289.54 410.69 305.34 0.98
person 40.29 86.49 72.34 140.36 0.974
sports ball 255.75 160.84 274.3 176.77 0.657
baseball bat 249.55 179.77 272.93 189.34 0.633
person 148.51 94.09 191.07 166.64 0.996
baseball bat 345.84 285.98 414.93 303.01 0.996
person 132.02 138.64 165.23 179.81 0.955
person 458.11 118.11 499.96 259.78 0.991
person 111.65 91.71 148.07 142.62 0.985
person 317.9 308.15 399.15 331.96 0.684
chair 208.0 103.37 222.56 123.9 0.71
chair 0.73 110.54 21.99 133.49 0.565
person 466.13 264.55 499.94 331.83 0.848
baseball bat 129.5 170.04 163.1 190.78 0.996
baseball bat 282.01 179.37 330.4 189.61 0.838
chair 332.29 133.1 345.33 154.41 0.576
chair 120.32 100.38 146.51 127.07 0.533
backpack 350.02 159.24 387.78 174.3 0.809
person 413.91 109.82 438.12 145.71 0.967
baseball glove 470.15 180.91 484.45 195.04 0.581
person 187.3 93.36 216.87 150.13 0.987
person 402.66 229.17 479.91 330.88 0.971
person 291.2 61.63 343.45 188.35 0.999
chair 423.44 185.61 481.08 235.71 0.659
baseball bat 389.14 285.33 417.13 298.81 0.825
sports ball 329.54 164.71 347.59 184.04 0.628
person 104.7 139.25 124.18 174.98 0.647
chair 6.69 96.29 28.55 136.26 0.98
person 247.12 106.32 275.99 157.28 0.979
sports ball 253.96 215.24 262.04 223.58 0.993
backpack 284.34 169.7 311.63 182.7 0.527
