wine glass 588.77 283.06 626.84 347.81 0.88
wine glass 556.05 286.3 598.74 341.9 0.911
person 597.44 204.66 639.86 374.06 0.932
person 1.04 2.55 636.84 474.01 0.993
person 224.78 132.73 562.84 476.3 0.95
dining table 588.2 440.67 639.86 479.74 0.519
person 601.86 202.25 639.85 445.17 0.956
wine glass 480.65 309.32 573.86 479.03 0.943
potted plant 212.17 231.96 273.49 331.34 0.955
wine glass 555.06 287.67 615.62 364.03 0.822
wine glass 558.15 289.11 621.87 478.65 0.937
wine glass 486.36 310.19 563.86 385.15 0.944
person 226.37 132.09 635.18 475.36 0.973
