car 546.11 112.35 608.33 152.49 0.97
dining table 1.73 262.22 244.58 417.03 0.818
bench 409.1 163.91 510.38 205.88 0.937
truck 84.76 94.12 222.67 177.43 0.996
bottle 155.25 281.6 183.9 325.92 0.964
car 510.05 113.48 538.28 141.8 0.797
truck 546.99 111.86 610.42 153.2 0.534
car 611.49 115.07 639.9 155.04 0.99
cup 34.61 274.61 71.58 314.63 1.0
dining table 0.0 261.28 639.9 422.71 0.935
cat 220.88 196.04 503.59 401.22 1.0
car 420.7 115.02 524.01 156.45 0.985
car 523.8 126.14 543.33 146.98 0.908
car 562.31 112.52 602.21 132.5 0.553
car 548.35 121.15 565.12 137.52 0.715
truck 422.8 114.61 523.75 156.49 0.809
person 211.97 12.49 426.75 290.76 1.0
truck 81.54 93.64 264.66 178.66 0.893
