apple 163.14 353.86 200.45 375.62 0.685
cup 278.98 353.35 359.08 472.08 0.55
apple 235.79 417.84 305.89 470.58 0.995
knife 140.12 524.89 208.93 588.66 0.631
apple 203.17 439.24 287.88 534.13 0.999
bowl 33.95 393.47 246.0 498.29 0.958
bowl 35.47 342.01 251.55 500.0 0.724
knife 85.76 505.32 198.54 592.73 0.935
knife 126.35 538.69 187.01 594.52 0.5
knife 105.35 504.54 209.15 593.57 0.984
knife 97.65 534.46 147.73 581.63 0.805
orange 131.32 384.73 209.89 437.2 0.997
apple 162.08 350.54 196.2 367.1 0.882
fork 85.03 511.04 129.88 564.45 0.827
bowl 2.54 502.4 216.77 579.55 0.65
knife 87.68 504.59 184.64 590.02 0.979
apple 93.63 316.58 157.04 362.19 0.511
apple 117.04 490.71 153.43 512.45 0.561
orange 284.92 460.62 357.29 526.25 0.861
