person 0.7719 0.243 0.8942 0.8064 0.986
person 0.4433 0.2694 0.5369 0.7284 0.997
person 0.2604 0.2067 0.3651 0.7358 0.996
frisbee 0.6201 0.374 0.6787 0.4548 0.926
person 0.0928 0.2401 0.2145 0.8348 0.996
person 0.3558 0.2302 0.4637 0.7178 0.998
person 0.8087 0.429 0.9032 0.8086 0.986
frisbee 0.1187 0.5426 0.1451 0.65 0.997
person 0.1801 0.2849 0.286 0.7688 0.973
frisbee 0.2251 0.551 0.2782 0.6283 1.0
person 0.68 0.2073 0.7941 0.7685 0.998
frisbee 0.8222 0.4878 0.8794 0.5801 0.988
frisbee 0.3836 0.3393 0.4401 0.4155 1.0
person 0.5804 0.2475 0.7015 0.7421 0.999
person 0.5133 0.233 0.6198 0.7241 0.997
