person 0.9587 0.6963 0.9932 0.8599 0.99
person 0.9579 0.6991 0.9872 0.7693 0.519
airplane 0.0004 0.3907 0.5539 0.7636 0.768
person 0.8011 0.5834 0.8284 0.6478 0.801
person 0.884 0.6969 0.9185 0.8577 0.999
person 0.9317 0.6896 0.9599 0.8625 0.659
person 0.9307 0.6922 0.9639 0.8672 0.994
airplane 0.6159 0.5059 0.9984 0.7159 0.976
person 0.9699 0.7162 0.9973 0.854 0.63
person 0.8386 0.7207 0.8705 0.863 0.984
person 0.6937 0.7131 0.7275 0.8487 0.999
airplane -0.0 0.0125 0.9999 0.7799 0.558
person 0.6582 0.6997 0.6919 0.8587 0.998
