person 0.4631 0.5385 0.5231 0.6418 0.605
person 0.4354 0.5421 0.5799 0.7696 0.944
person 0.0 0.3074 0.0484 0.5088 0.737
person 0.8255 0.3459 0.9998 0.9898 0.991
chair -0.0001 0.782 0.0788 0.8707 0.828
backpack 0.0019 0.2566 0.3262 0.8298 0.919
chair 0.3937 0.6373 0.4386 0.6827 0.509
chair 0.7033 0.7274 0.9425 0.7672 0.802
person 0.6726 0.4717 0.899 0.7359 0.999
chair 0.3955 0.6377 0.443 0.6728 0.688
bus 0.006 -0.0004 1.0043 0.9968 0.67
person 0.0001 0.3085 0.0429 0.5584 0.915
person 0.5508 0.4674 0.6891 0.6859 0.999
person 0.3994 0.4266 0.4848 0.6579 0.814
chair 0.4239 0.7554 0.6386 0.8095 0.981
