motorcycle 0.6568 0.2993 0.9659 0.6438 0.536
motorcycle 0.4345 0.1109 0.5634 0.3219 0.624
motorcycle 0.3076 0.3574 0.9307 0.9907 0.703
motorcycle 0.108 0.1311 0.4005 0.6332 0.859
motorcycle 0.1852 0.0935 0.5938 0.7742 0.544
motorcycle 0.1114 0.1121 0.5047 0.6388 0.824
motorcycle 0.3028 0.1186 0.8913 0.9889 0.707
person 0.3628 0.1351 0.4016 0.1966 0.822
person 0.6309 0.0007 0.6965 0.3164 0.904
person 0.6399 -0.0001 0.7477 0.3146 0.54
person 0.4326 0.0003 0.4906 0.1692 0.87
motorcycle 0.3076 0.1223 0.9385 0.988 0.995
person 0.5087 0.0023 0.6012 0.3022 0.991
motorcycle 0.7445 0.2992 0.9698 0.633 0.899
person 0.0002 0.0698 0.0782 0.6476 0.893
motorcycle 0.1792 0.1738 0.5515 0.7894 0.574
