person 492.31 106.82 629.15 233.53 0.997
person 481.21 333.09 493.61 344.55 0.916
person 463.7 335.29 475.15 346.61 0.62
horse 25.56 184.24 172.47 309.13 0.991
train 5.64 345.63 257.68 419.01 0.908
person 303.88 164.45 348.47 227.91 0.946
person 441.03 339.98 450.48 348.01 0.845
person 365.36 342.48 377.11 353.31 0.546
person 262.28 188.43 302.75 236.68 0.913
person 339.91 342.4 352.05 353.3 0.503
person 413.58 338.86 424.7 348.96 0.765
tie 465.7 165.39 473.65 177.05 0.977
person 425.82 120.48 499.39 241.67 0.995
person 478.68 333.15 491.17 345.14 0.949
person 535.55 329.09 549.95 342.5 0.957
person 500.56 332.48 514.39 343.48 0.906
person 438.76 339.78 447.88 347.75 0.599
person 454.86 334.88 468.64 347.02 0.97
person 514.35 333.5 528.81 343.26 0.762
horse 31.03 229.47 88.93 309.14 0.597
