chair 0.0001 0.508 0.0869 0.6087 0.526
person 0.072 0.1037 0.6999 0.7207 0.999
chair 0.6387 0.537 0.6779 0.6191 0.826
car 0.6783 0.3047 0.8046 0.3584 0.998
person 0.6371 0.1836 0.9996 0.7204 0.986
clock 0.9211 0.1714 0.961 0.1998 0.855
cup 0.0443 0.7387 0.2419 0.9345 0.991
dining table -0.0 0.6744 0.9999 0.9902 0.954
person 0.5327 0.2758 0.565 0.3105 0.958
cup 0.2759 0.7264 0.4989 0.9984 0.999
bottle 0.0447 0.7174 0.1882 0.9996 0.998
person 0.5533 0.2582 0.6688 0.4784 0.99
chair 0.6972 0.5068 0.9999 0.722 0.993
carrot 0.6839 0.7718 0.7512 0.8122 0.847
chair -0.0 0.5071 0.088 0.6181 0.511
