backpack 321.3 109.73 335.59 129.97 0.579
person 483.79 85.92 508.63 148.93 0.88
person 140.28 53.65 161.45 68.72 0.667
person 173.68 232.17 284.39 597.45 1.0
person 316.66 102.82 341.27 155.57 0.593
person 238.0 65.08 260.77 108.15 0.994
person 274.81 98.03 294.32 148.88 0.971
person 459.17 92.26 472.72 123.28 0.665
person 272.3 93.46 288.46 123.18 0.641
person 326.19 100.18 353.63 144.01 0.928
person 211.0 41.76 234.12 79.06 0.996
person 188.14 44.78 204.35 71.53 0.832
airplane 130.3 21.03 498.47 143.54 0.744
airplane 52.58 24.29 462.69 143.58 0.867
person 428.51 109.73 441.98 132.78 0.525
person 192.26 44.82 207.93 71.37 0.832
person 420.0 110.5 433.7 133.63 0.568
airplane 40.88 24.64 545.8 163.61 0.97
person 460.03 90.95 479.45 159.11 0.619
person 326.74 100.64 351.1 131.42 0.903
person 356.98 108.04 369.71 132.83 0.827
person 362.87 108.0 383.46 141.09 0.621
backpack 312.81 109.15 328.02 131.78 0.775
person 305.57 98.84 323.5 160.26 0.997
