traffic light 516.46 192.9 529.51 213.45 0.992
car 103.2 211.58 155.4 231.74 0.55
car 0.65 216.14 191.68 385.41 0.999
person 361.45 224.0 383.66 245.59 0.926
traffic light 428.76 197.67 437.47 205.71 0.828
car 331.0 229.4 355.85 245.03 0.785
traffic light 512.41 193.54 522.05 213.1 0.683
person 612.07 231.18 640.03 299.7 1.0
truck 0.43 216.09 191.52 385.54 0.83
car 106.17 211.34 194.9 228.89 0.55
traffic light 481.17 114.34 498.72 134.17 0.85
car 314.2 245.35 528.04 315.78 0.999
car 414.42 234.93 495.25 270.15 0.998
traffic light 480.17 115.51 503.01 163.86 0.522
traffic light 217.74 195.85 230.21 213.29 0.998
traffic light 79.51 203.06 88.87 214.72 0.652
traffic light 481.79 112.09 511.07 165.38 0.994
truck 405.04 205.11 588.82 259.46 0.592
traffic light 518.78 193.36 529.76 213.21 0.864
truck 415.92 204.38 593.85 264.01 0.974
traffic light 354.7 210.9 362.97 218.7 0.975
traffic light 4.13 163.55 19.36 187.28 0.993
truck 332.2 201.49 435.44 248.54 0.906
