person 360.09 145.53 372.09 154.36 0.514
motorcycle 220.09 143.17 273.89 220.56 0.966
motorcycle 358.92 163.03 440.76 249.81 0.982
person 91.68 98.6 142.27 152.63 0.829
person 74.44 97.47 139.11 207.87 0.984
person 224.29 108.3 277.38 218.62 0.991
motorcycle 160.11 169.04 234.74 241.34 0.997
person 435.58 151.52 528.6 301.46 1.0
motorcycle 89.62 139.72 149.11 213.41 0.995
person 147.41 119.87 216.92 220.3 0.991
stop sign 436.55 83.43 481.12 127.24 1.0
motorcycle 439.45 223.75 535.56 314.76 0.998
person 224.06 109.23 270.78 162.18 0.818
person 360.13 127.81 429.97 250.54 0.998
person 375.66 129.09 429.25 185.82 0.662
motorcycle 158.31 151.01 184.19 182.18 0.813
motorcycle 377.47 165.3 398.32 198.12 0.802
