person 82.07 0.11 187.04 77.8 0.976
person 196.27 17.29 390.56 249.53 0.888
person 64.83 14.94 260.53 255.94 0.989
person 210.55 14.75 372.88 202.69 0.89
person 204.39 0.7 286.12 89.18 0.804
person 4.76 5.72 157.99 259.07 0.998
person 322.71 0.39 409.68 70.21 0.831
tie 78.04 74.01 98.24 91.71 0.96
tie 295.56 90.29 309.44 118.87 0.994
person 475.91 24.55 639.81 236.81 0.979
person 412.21 0.13 505.44 103.04 0.946
tie 195.41 83.45 210.33 120.95 0.996
person 0.84 4.77 158.65 209.51 0.51
person 353.09 6.61 483.56 205.69 0.95
person 479.74 0.28 639.18 126.3 0.83
person 116.59 0.5 282.44 86.6 0.95
person 502.0 0.14 639.78 98.5 0.987
person 266.71 0.6 403.12 79.42 0.97
person 350.43 4.57 472.86 106.23 0.888
tie 414.38 81.04 428.67 107.12 0.996
person 331.3 0.47 406.38 71.14 0.508
person 202.35 15.67 426.94 251.1 0.982
