chair 518.98 5.91 640.0 170.77 0.911
chair 452.94 126.62 611.19 240.19 0.543
chair 162.57 141.32 367.23 428.09 0.701
chair 158.91 140.68 225.62 315.91 0.984
chair 162.35 141.05 365.29 317.43 0.763
mouse 318.72 340.76 353.33 374.17 1.0
chair 0.09 194.01 74.49 394.47 0.783
keyboard 298.41 270.0 394.4 324.19 0.999
laptop 45.24 221.19 233.46 450.11 0.999
chair 159.78 140.92 282.96 417.93 0.597
chair 11.29 7.35 145.54 164.69 0.992
chair 444.03 90.4 548.6 223.88 0.997
chair 184.5 301.75 266.45 420.21 0.567
chair 0.05 191.08 31.1 388.82 0.999
chair 532.34 4.56 640.02 151.37 0.996
laptop 394.35 193.65 568.75 399.26 0.999
mouse 328.98 245.41 364.08 263.58 0.821
chair 160.94 138.76 366.68 388.21 0.574
person 193.48 64.08 377.05 380.44 0.999
