person 285.97 103.73 298.11 125.07 0.811
backpack 76.3 95.29 103.32 132.54 0.684
person 240.77 100.37 250.9 120.25 0.849
truck 0.11 68.46 52.94 132.82 0.911
person 489.98 93.27 500.01 119.99 0.768
person 249.63 98.6 264.19 141.88 0.996
person 478.37 91.03 488.78 113.92 0.917
truck 173.17 100.17 210.16 124.48 0.728
bench -0.19 134.55 173.76 321.35 0.989
person 30.85 63.17 88.51 134.43 0.903
person 286.21 101.93 300.35 144.53 0.99
car 176.53 100.98 211.15 124.39 0.981
truck 0.33 69.72 113.81 131.71 0.872
car 163.35 110.89 181.51 125.4 0.92
person 350.87 98.48 363.12 118.18 0.571
car 429.46 114.15 481.17 154.74 0.996
car 139.73 112.14 158.64 126.08 0.987
person 221.25 100.93 234.04 120.88 0.828
backpack 76.78 96.51 96.21 131.68 0.931
person 37.54 60.69 119.28 276.03 0.98
car 117.51 110.49 138.25 127.38 0.983
person 3.89 61.3 124.93 279.13 0.761
fire hydrant 287.26 180.02 353.86 318.57 1.0
car 464.11 112.96 499.96 227.49 0.975
person 296.06 102.52 310.0 144.58 0.982
truck 0.5 68.9 109.55 132.27 0.786
person 306.48 101.2 316.86 130.96 0.869
person 334.36 98.42 348.98 141.71 0.996
person 377.87 96.28 389.25 135.19 0.809
traffic light 213.71 13.95 225.2 30.85 0.989
traffic light 236.88 51.16 246.67 62.81 0.992
person 362.24 97.64 375.15 133.83 0.984
person 381.08 96.27 398.32 145.9 0.998
person 295.06 104.15 306.47 132.27 0.616
person 301.99 102.27 314.26 142.08 0.895
person 281.37 101.32 291.67 118.92 0.582
truck 1.12 67.1 122.6 130.14 0.938
person 261.91 98.74 276.36 144.79 0.997
