baseball bat 0.3503 0.635 0.4987 0.6551 0.992
person 0.7468 0.1659 0.7682 0.1953 0.603
sports ball 0.5385 0.6692 0.5643 0.6953 0.975
person 0.1737 0.0991 0.2284 0.1402 0.939
baseball bat 0.5512 0.6317 0.6182 0.6522 0.692
person 0.0818 0.1217 0.2417 0.6369 0.999
baseball glove 0.2418 0.8927 0.3477 0.9604 0.503
baseball bat 0.3247 0.3348 0.3593 0.5299 0.986
person 0.7362 0.1345 0.7576 0.1666 0.708
person 0.7651 0.1221 0.7874 0.1525 0.863
person 0.891 0.1391 0.9049 0.1623 0.527
person 0.9153 0.1584 0.9421 0.2013 0.816
person 0.188 0.084 0.3482 0.5442 1.0
person 0.4671 0.5514 0.6838 0.7618 0.999
person 0.3945 0.1599 0.4182 0.2042 0.79
sports ball 0.0684 0.3457 0.0796 0.3543 0.971
sports ball 0.6635 0.2746 0.6737 0.2883 0.868
baseball bat 0.3493 0.6343 0.6142 0.6589 0.975
baseball bat 0.1849 0.8178 0.2846 0.9282 0.994
sports ball 0.6714 0.5263 0.6868 0.5394 0.921
baseball bat 0.3789 0.3335 0.4155 0.5353 0.755
person 0.3832 0.1037 0.5203 0.5485 0.999
