sheep 384.67 291.8 408.49 339.56 0.658
sheep 435.29 282.29 463.22 331.32 0.836
sheep 325.33 289.87 347.73 326.09 0.999
car 162.41 258.51 203.8 286.78 0.991
sheep 355.36 292.98 380.32 338.16 0.994
sheep 361.74 274.14 382.53 288.97 0.692
sheep 338.78 288.08 357.14 324.88 0.96
sheep 266.41 277.42 282.71 294.9 0.901
sheep 339.34 276.73 354.55 290.77 0.8
sheep 296.47 281.93 308.92 300.06 0.803
sheep 527.03 293.67 557.91 346.6 0.987
sheep 385.96 291.68 413.85 340.7 0.987
sheep 428.66 272.03 448.37 289.75 0.555
sheep 431.45 271.01 470.04 331.24 0.545
sheep 282.93 279.72 293.77 297.71 0.523
sheep 429.5 281.43 460.74 330.15 0.53
sheep 451.88 271.97 488.02 298.64 0.943
sheep 497.82 287.66 532.53 337.33 0.95
person 323.15 255.68 342.44 292.17 0.92
sheep 486.77 267.32 514.62 296.84 0.791
sheep 465.43 290.29 500.06 338.52 0.994
sheep 282.38 278.8 294.57 297.55 0.826
sheep 414.39 292.01 443.71 336.45 0.996
sheep 388.81 276.37 415.75 291.65 0.532
sheep 498.97 288.2 532.29 337.21 0.566
sheep 303.87 280.01 325.09 305.27 0.98
sheep 344.88 289.48 361.92 327.39 0.857
