boat 0.7903 0.2009 0.858 0.2525 0.975
handbag 0.5197 0.5795 0.5489 0.624 0.732
boat 0.7547 0.2254 0.8053 0.2603 0.757
handbag 0.5914 0.6029 0.6507 0.6678 0.93
person 0.4749 0.4685 0.5215 0.6444 0.999
umbrella 0.8862 0.1306 0.9294 0.1548 0.713
person 0.3827 0.4386 0.4217 0.6041 0.997
person 0.5282 0.4726 0.5654 0.5343 0.995
person 0.6314 0.5387 0.6903 0.6618 0.683
handbag 0.5571 0.5848 0.5945 0.6259 0.638
boat 0.0783 0.438 0.3565 0.5483 0.965
handbag 0.7121 0.5956 0.7546 0.6498 0.791
person 0.811 0.4684 0.8465 0.6415 0.997
person 0.7845 0.1762 0.7965 0.2082 0.742
person 0.8671 0.2095 0.8775 0.245 0.961
boat 0.2506 0.2577 0.3649 0.2753 0.986
person 0.2835 0.4646 0.3119 0.5843 0.996
boat 0.0715 0.4908 0.4893 0.567 0.892
boat 0.0769 0.487 0.4862 0.5616 0.871
person 0.61 0.5371 0.6968 0.6668 0.87
person 0.8308 0.4687 0.86 0.6165 0.954
handbag 0.375 0.5955 0.4218 0.6423 0.738
person 0.6101 0.4536 0.655 0.6415 0.854
boat 0.3736 0.2494 0.4618 0.2718 0.977
boat 0.1422 0.4368 0.3348 0.5265 0.858
person 0.6615 0.4556 0.703 0.5473 0.864
backpack 0.7483 0.5025 0.7838 0.5762 0.513
boat 0.9637 0.2504 1.0 0.2677 0.556
person 0.76 0.2358 0.7721 0.2582 0.802
boat 0.7904 0.2335 0.8432 0.2637 0.64
boat 0.3902 0.234 0.4794 0.2595 0.974
boat 0.3902 0.2448 0.4813 0.2646 0.863
boat 0.7959 0.1986 0.852 0.2267 0.809
person 0.719 0.4708 0.7657 0.6324 0.997
person 0.6605 0.4549 0.703 0.6633 0.983
boat 0.0808 0.5129 0.8835 0.5969 0.974
boat 0.5228 0.2334 0.7231 0.2747 0.996
car 0.6102 0.1845 0.6599 0.2185 0.552
boat 0.0001 0.2451 0.0792 0.2766 0.981
person 0.6153 0.4461 0.6575 0.5831 0.953
