sports ball 0.533453 0.6663825 0.558765 0.6928614999999999
sports ball 0.8564375 0.23356849999999998 0.8682185 0.2457715
sports ball 0.0652035 0.34583600000000003 0.0752505 0.352556
sports ball 0.5277035 0.30316750000000003 0.5358124999999999 0.3117845
sports ball 0.6510935 0.3597105 0.6605624999999999 0.3670575
sports ball 0.6628434999999999 0.5241155000000001 0.6799685 0.5369125
sports ball 0.767484 0.268248 0.774062 0.27450199999999997
sports ball 0.660078 0.28048300000000004 0.666734 0.286833
sports ball 0.642937 0.5252895 0.657625 0.5334085
person 0.085672 0.12353699999999995 0.244484 0.641399
person 0.19875000000000004 0.07416399999999998 0.366906 0.541576
person 0.460828 0.555048 0.681406 0.7618
person 0.378984 0.102155 0.522328 0.543071
person 0.910188 0.160804 0.928844 0.209872
person 0.945937 0.169646 0.9666250000000001 0.209662
baseball bat 0.3438595 0.630498 0.6131725 0.651238
baseball bat 0.180906 0.8195180000000001 0.265922 0.920338
person 0.179906 0.10184850000000001 0.238172 0.1420575
person 0.393563 0.1580065 0.41931300000000005 0.1941155
baseball bat 0.236875 0.565402 0.259391 0.616206
baseball bat 0.39231249999999995 0.34373000000000004 0.4094215 0.5437460000000001
person 0.3684375 0.13927699999999998 0.3897345 0.196351
sports ball 0.4068595 0.36073900000000003 0.41814049999999997 0.374035
baseball bat 0.321 0.34229899999999996 0.353188 0.5207229999999999
person 0.885719 0.1395975 0.896297 0.1626365
person 0.8272655 0.14118950000000002 0.8381244999999999 0.1609485
person 0.7623745 0.12183250000000001 0.7848435 0.15167150000000001
