bottle 0.17284349999999998 0.4781685 0.2317185 0.7407275
chair 0.24735900000000002 0.24436599999999997 0.539703 0.63176
chair 0.7867815 0.2667375 1.0000005 0.9790844999999999
dining table 0.0 0.47861450000000005 0.553562 0.9887555
cup 0.36748499999999995 0.687512 0.436469 0.781432
cup 0.25720350000000003 0.8869015 0.3348285 1.0000005
cup 0.358937 0.8908685 0.432953 0.9999995
knife 0.3934535 0.6260330000000001 0.47198450000000003 0.662183
spoon 0.298516 0.7363379999999999 0.360672 0.764108
orange 0.2925465 0.6858445 0.32574949999999997 0.7371595
person 0.42181199999999996 0.013473999999999986 0.9842339999999999 0.986526
bowl 0.156031 0.8233565 0.250437 0.9374175
bowl 0.3965155 0.7545075 0.5544065 0.8821365
bottle 0.11593700000000001 0.659601 0.193687 0.845657
spoon 0.17339 0.78054 0.282078 0.8853519999999999
