horse 0.20601550000000002 0.49485350000000006 0.7322965 0.9884165
person 0.399594 0.348271 0.52811 0.8243750000000001
person 0.8207190000000001 0.5843545 0.877563 0.7186875
person 0.8750469999999999 0.5709380000000001 0.935813 0.757896
person 0.6414535 0.5664170000000001 0.7199844999999999 0.699917
person 0.5353749999999999 0.5603545 0.572719 0.6250414999999999
person 0.5676715 0.5627085 0.6014685000000001 0.6195215
umbrella 0.516328 0.47487499999999994 0.612734 0.532125
umbrella 0.7938284999999999 0.557417 0.8880315 0.596063
umbrella 0.1771715 0.5450625 0.23537450000000001 0.5702915
umbrella 0.5364215 0.5256875 0.6438745 0.5644165
person 0.178828 0.5616245000000001 0.233516 0.8349375
person 0.0750005 0.574125 0.12428149999999999 0.7163330000000001
person 0.514953 0.5642705 0.5287029999999999 0.6072915
person 0.6014845 0.563646 0.6535314999999999 0.645604
person 0.79389 0.5897494999999999 0.8373280000000001 0.8021665
person 5.000000000005e-07 0.5766245 0.1110315 0.9999995
umbrella 0.9264685 0.5466255 0.9999995 0.6018125000000001
umbrella 0.6130625000000001 0.5251250000000001 0.6483595 0.575771
