bottle 0.637391 0.7678625 0.689813 0.9699814999999999
bottle 0.5662965000000001 0.8216545000000001 0.6029375 0.9680675
person 0.06799999999999999 0.058420500000000014 0.31357799999999997 0.32808550000000003
person 0.3521565 0.042341499999999976 0.7800475 0.9747764999999999
person 0.816016 0.004498000000000002 0.997766 0.972974
tennis racket 0.26789 0.5539215 0.42315600000000003 0.9648325
person 0.0 0.21773250000000002 0.062156 0.32137550000000004
bench -5.000000000143778e-07 0.602156 0.6398904999999999 0.958606
chair 0.037702999999999987 0.221599 0.733187 0.622937
chair 0.749062 -5.000000000005e-07 0.841562 0.0993865
person 0.486516 5.000000000005e-07 0.68236 0.24466549999999998
