car 0.2305155 0.6795545000000001 0.5911245 0.8812175
car 0.12490649999999999 0.3537235 0.2431875 0.3989225
car 0.43132800000000004 0.3240755 0.52325 0.3542625
car 0.555797 0.3155975 0.648969 0.3547545
bus 0.10626550000000001 0.31590149999999995 0.7834685 0.7251985
car 0.949578 0.29445 0.986594 0.343326
car 0.0003285000000000024 0.3573065 0.08462549999999999 0.4296015
person 0.98425 0.2817095 0.998938 0.3348245
person 0.6394685 0.4120375 0.6609214999999999 0.45990650000000005
person 0.818875 0.2990635 0.8297030000000001 0.3233025
person 0.628422 0.3119205 0.638188 0.34955549999999996
person 0.5829845 0.3300705 0.6035155000000001 0.3564175
person 0.291344 0.34035150000000003 0.31718799999999997 0.3858085
