bottle 0.050270999999999996 0.711984 0.192417 1.0
car 0.6791459999999999 0.3021875 0.807646 0.3550785
chair 0.704458 0.5009845 1.0 0.7152815
dining table 0.006000000000000005 0.6046405 1.0 0.9866715
person 0.07341700000000001 0.1073905 0.702709 0.7150155
cup 0.27266650000000003 0.7190939999999999 0.4913955 0.982016
cup 0.03974950000000001 0.7371565 0.24191650000000003 0.9181094999999999
chair 0.0 0.47779649999999996 0.084458 0.6370935
person 0.6199165 0.179219 0.9999994999999999 0.532469
person 0.5311665 0.262828 0.6507295000000001 0.424406
