person 0.30602 0.2835545 0.40182 0.5449094999999999
person 0.92662 0.7977409999999999 0.99824 0.988765
person 0.5798000000000001 0.18831299999999998 0.68496 0.558223
person 0.32230000000000003 0.388765 0.49985999999999997 0.766295
person 0.26066 0.41864399999999996 0.32926 0.538584
person 0.82982 0.335663 0.8973599999999999 0.43777099999999997
person 0.90442 0.35984950000000004 0.99916 0.7365965
person 0.37606 0.2826805 0.43429999999999996 0.4599995
person 0.21974000000000002 0.27397649999999996 0.29938000000000003 0.4263255
person 0.15908 0.282169 0.23634 0.568223
baseball bat 0.26061999999999996 0.512289 0.33272 0.578795
sports ball 0.50524 0.648253 0.525 0.675181
baseball glove 0.93606 0.5416565 0.97534 0.5849694999999999
baseball glove 0.18134 0.4133135 0.20867999999999998 0.46756050000000005
baseball bat 0.67832 0.8740055 0.81644 0.9236745
chair 0.0036199999999999982 0.294699 0.05586 0.412711
person 0.07758000000000001 0.2604825 0.14342 0.42533150000000003
person 0.0 0.2587045 0.04198 0.4093675
person 0.4909 0.323494 0.55882 0.47244
chair 0.22265999999999997 0.303705 0.28674 0.43879500000000005
chair 0.38318 0.311958 0.44458000000000003 0.446868
chair 0.6604599999999999 0.3464755 0.6867 0.44527049999999996
chair 0.93728 0.329097 0.9839399999999999 0.379217
chair 0.07355999999999999 0.304669 0.1567 0.423645
person 0.12000000000000005 0.0 0.998 0.996988
