bicycle 0.4757495 0.6596500000000001 0.5335624999999999 0.903794
car 0.773625 0.45175 0.9998750000000001 0.987238
car 0.2863125 0.418785 0.4186095 0.520203
car 0.053750000000000006 0.40825049999999996 0.15915600000000002 0.4979555
person 0.46140699999999996 0.423941 0.591469 0.870829
person 0.36225 0.42977849999999995 0.491906 0.9061875
person 0.6806715 0.42985300000000004 0.7198125000000001 0.607569
person 0.602797 0.43062600000000006 0.646609 0.609392
person 0.5131405 0.39709 0.5445154999999999 0.449834
person 0.5410470000000001 0.404604 0.574281 0.47272600000000004
person 0.201094 0.39191549999999997 0.224922 0.4809025
traffic light 0.1274525 0.26016550000000005 0.1713435 0.3364085
backpack 0.3244375 0.5329645000000001 0.3932965 0.7922095
umbrella 0.4827345 0.309576 0.6251095 0.45825
handbag 0.44504699999999997 0.4917675 0.540875 0.6692265000000001
person 0.211297 0.3586005 0.233641 0.3908475
person 0.1891875 0.357219 0.2108125 0.390773
person 0.23743749999999997 0.380681 0.2664685 0.479447
person 0.4661715 0.3966845 0.5010625 0.4424675
car 0.0012814999999999997 0.36407049999999996 0.0203285 0.3907735
handbag 0.32756250000000003 0.5399999999999999 0.3910155 0.697348
