car 0.016125 0.49181250000000004 0.196781 0.5778335
car 0.829422 0.425938 0.902656 0.506292
bus 0.21284349999999996 0.167792 0.7601405 0.6655420000000001
person 0.9367345 0.3991665 0.9815155 0.5351875
person 0.9615305 0.41606200000000004 0.9858435 0.525458
person 0.1766405 0.47264550000000005 0.2001875 0.5399585
person 0.20792249999999998 0.4703545 0.2277815 0.5090835
person 0.061859 0.4877505 0.07853099999999999 0.5208335
person 0.006359000000000002 0.48770849999999993 0.032297 0.5673754999999999
person 0.629797 0.419396 0.658891 0.46639600000000003
person 0.9890315 0.401042 1.0000004999999998 0.48450000000000004
car 0.8197655 0.436812 0.8318745 0.45295799999999997
bicycle 0.18056299999999997 0.5221045000000001 0.197797 0.5516255
handbag 0.005156000000000001 0.517 0.01514 0.5328959999999999
