motorcycle 0.7199530000000001 0.536691 0.834015 0.7556430000000001
motorcycle 0.615797 0.4603805 0.673641 0.5965235
motorcycle 0.261906 0.360095 0.364906 0.5775710000000001
motorcycle 0.332984 0.32540450000000004 0.42863999999999997 0.5229995000000001
motorcycle 0.141297 0.3249765 0.234375 0.5118095
person 0.1307495 0.23299949999999997 0.21564049999999998 0.3449045
person 0.235203 0.290428 0.338937 0.506738
person 0.34559399999999996 0.26028549999999995 0.432844 0.5211905
person 0.6857500000000001 0.35730949999999995 0.825844 0.7033805
person 0.5635155000000001 0.30878550000000005 0.6853125 0.5906905
stop sign 0.6842035 0.1941665 0.7504225 0.29954749999999997
