chair 0.0 0.4707815 0.103962 0.6318125
chair 0.8712265 0.41501600000000005 0.9340335000000001 0.448438
person 0.04747699999999999 0.17767149999999998 0.664835 0.8832964999999999
wine glass 0.9577359999999999 0.7602495 1.0 0.8296405
cake 0.4896465 0.7809839999999999 0.8847174999999999 0.980078
person 0.9508495 0.357 1.0000005 0.629344
wine glass 0.4387975 0.944906 0.5659905000000001 1.0
cup 0.4403065 0.9461245 0.5669815 0.9999994999999999
chair 0.8281365 0.414078 0.8737735 0.444312
chair 0.0005424999999999944 0.513969 0.0633255 0.6398750000000001
knife 0.2147645 0.828594 0.34290149999999997 0.951594
knife 0.628066 0.7482350000000001 0.6477360000000001 0.774547
chair 0.9294574999999999 0.41290550000000004 0.9631605 0.4297185
person 0.42341950000000006 0.19740599999999997 0.9291745 0.8103899999999999
