tennis racket 0.2368125 0.5818749999999999 0.30743750000000003 0.655219
person 0.5678129999999999 0.4893435 0.592271 0.5238125
person 0.765459 0.4752815 0.8707710000000001 0.5999845
person 0.450229 0.48607799999999995 0.49583299999999997 0.5449999999999999
person 0.164542 0.27481250000000007 0.49275 0.9375315
person 0.11681250000000001 0.4832965 0.1784995 0.5692655
person 0.4953125 0.494391 0.5725835 0.5982970000000001
person -5.000000000005e-07 0.4637495 0.1215625 0.6005625
person 0.0681045 0.460219 0.08133349999999999 0.47012499999999996
person 0.6059795 0.5136405 0.6676665 0.5976095
person 0.841562 0.4995935 0.87875 0.5439685000000001
person 0.9196045 0.4779685 0.9558755 0.5436555000000001
person 0.6891245 0.46307849999999995 0.7846455 0.5965315
person 0.762625 0.472 0.810771 0.525578
person 0.002083500000000016 0.421875 0.9979165 0.734375
