sheep 0.814813 0.623326 0.8583909999999999 0.72569
sheep 0.602 0.6117575 0.638594 0.7184524999999999
sheep 0.6420935 0.616423 0.6790625 0.704519
sheep 0.711422 0.6158994999999999 0.746828 0.7092465
sheep 0.667672 0.5941 0.6990000000000001 0.6905439999999999
sheep 0.4815935 0.5875944999999999 0.5022185 0.6089755
sheep 0.5453589999999999 0.6030955 0.580937 0.7113805
sheep 0.575406 0.6086615000000001 0.600578 0.7106905
person 0.496406 0.537113 0.5290940000000001 0.620941
person 0.451438 0.5492254999999999 0.47451600000000005 0.6288285
sheep 0.694063 0.6133475 0.7156410000000001 0.6906065
sheep 0.742578 0.6085775 0.7708280000000001 0.7066945
sheep 0.771875 0.616506 0.813063 0.7051879999999999
sheep 0.504594 0.610962 0.5263279999999999 0.682552
sheep 0.522344 0.605397 0.5484220000000001 0.6797070000000001
truck 0.2521095 0.5397485 0.3142965 0.5987655000000001
cow 0.5730774999999999 0.6021755 0.6082185 0.7068405
cow 0.7143434999999999 0.6150420000000001 0.7495465 0.707322
cow 0.6814840000000001 0.5638495 0.745062 0.6232844999999999
cow 0.7325630000000001 0.5579285 0.796141 0.6194554999999999
cow 0.656781 0.5714645 0.687547 0.6036195
sheep 0.40937500000000004 0.554393 0.828125 0.6527189999999999
