refrigerator 0.5280199999999999 0.3556005 0.74664 0.7457335
person 0.48438 0.3970135 0.5482199999999999 0.7784004999999999
refrigerator 0.37416 0.393253 0.48876000000000003 0.867413
refrigerator 0.5106799999999999 0.6809069999999999 0.72134 0.986507
refrigerator 0.7324600000000001 0.12208 1.0 0.55584
refrigerator 0.3961 0.7627200000000001 0.6569200000000001 1.0
refrigerator 0.0 0.28341350000000004 0.40182 0.8756265000000001
refrigerator 0.03498000000000001 0.679067 0.37888 0.9847469999999999
refrigerator 0.39248 0.2597065 0.53668 0.3611735
refrigerator 0.7091 0.5376535 0.9526 1.0000005
