person 0.7458905 0.7829505 0.7622035 0.8093674999999999
person 0.7616875 0.2551055 0.9742965 0.5580325
person 0.6601875 0.28585499999999997 0.7636565000000001 0.560867
person 0.467985 0.387775 0.536391 0.528923
person 0.398484 0.4422485 0.46607800000000005 0.5487355
person 0.7755620000000001 0.7789695 0.787906 0.8067445000000001
person 0.8339219999999999 0.78459 0.844094 0.800796
person 0.7011875 0.7830205 0.7193904999999999 0.8115454999999999
person 0.5394534999999999 0.8122955000000001 0.5505785 0.8287825
traffic light 0.1211565 0.4351285 0.1516095 0.4961355
person 0.682328 0.7955274999999999 0.693344 0.8140285
person 0.649922 0.8001170000000001 0.6641879999999999 0.819719
train 0.13043749999999998 0.7318975 0.8845784999999999 0.9768385
horse 0.04796850000000001 0.4349415 0.2739375 0.7244965
person 0.644859 0.800047 0.652875 0.818595
person 0.513594 0.805714 0.5265780000000001 0.8310299999999999
person 0.492188 0.770492 0.8421879999999999 0.836066
