car 0.85252 0.31359950000000003 0.9559 0.41314649999999997
fire hydrant 0.56756 0.47685349999999993 0.70548 0.8563465
person 0.06054 0.15909350000000003 0.22870000000000001 0.36088050000000005
person 0.6618200000000001 0.2675995 0.69224 0.37602650000000004
person 0.5189400000000001 0.257973 0.54384 0.386533
person 0.75412 0.256667 0.7893 0.39082700000000004
bench 0.0 0.440453 0.3455 0.862933
bench 0.0242 0.35546649999999996 0.30598 0.4421595
backpack 0.1457 0.258453 0.22858 0.35933299999999996
traffic light 0.46797999999999995 0.13816 0.48856 0.17703999999999998
traffic light 0.42264 0.038266499999999995 0.45172 0.0864535
person 0.49372000000000005 0.2523205 0.52724 0.37877350000000004
person 0.59382 0.2793335 0.6111 0.3887205
truck 0.001240000000000005 0.1874935 0.23378 0.36746650000000003
truck 0.9171 0.30504 1.0 0.624
traffic light 0.59712 0.097787 0.62312 0.18906699999999999
handbag 0.5986600000000001 0.29552 0.61556 0.31896
person 0.6675 0.2493065 0.6770400000000001 0.2815995
person 0.71204 0.26504049999999996 0.73248 0.3585335
person 0.94372 0.24824049999999998 0.97338 0.3074135
person 0.4321 0.2705065 0.46254 0.3672795
person 0.48078000000000004 0.2664535 0.5000600000000001 0.3200005
car 0.23234 0.2924 0.30586 0.33943999999999996
person 0.56428 0.27736 0.5913799999999999 0.38655999999999996
