frisbee 0.22495250000000003 0.5538755 0.27759350000000005 0.6321045000000001
frisbee 0.11796849999999999 0.5495415 0.1441095 0.6495624999999999
frisbee 0.614313 0.37227099999999996 0.673563 0.457771
frisbee 0.8075785 0.47920850000000004 0.8742654999999999 0.5802915000000001
person 0.09451500000000002 0.2396045 0.212453 0.8398755
person 0.8065315 0.430875 0.8923125000000001 0.8143330000000001
person 0.1798125 0.317209 0.2827035 0.759021
person 0.24315599999999998 0.20254149999999999 0.367906 0.7435624999999999
person 0.35143800000000003 0.23202049999999996 0.460094 0.7231875
person 0.5106725 0.23370799999999997 0.6101095 0.721354
person 0.581453 0.2561875 0.6994370000000001 0.7483124999999999
person 0.7573905 0.24331200000000003 0.8947035 0.8160620000000001
person 0.4433595 0.2721665 0.5340005 0.7313535
person 0.610531 0.212208 0.791343 0.7726660000000001
person 0.1132655 0.2731665 0.2564685 0.4781875
frisbee 0.3801565 0.3414585 0.43771950000000004 0.4105415
