bottle 0.520297 0.2651675 0.565609 0.41123449999999995
bottle 0.49792149999999996 0.27140149999999996 0.5298744999999999 0.4335565
person 0.20765599999999998 0.002510499999999999 0.440234 0.4318415
person 0.6172815 0.006840499999999999 0.9651405 0.39953950000000005
cup 0.709375 0.262489 0.7647970000000001 0.334121
knife 0.2471245 0.4624685 0.3360935 0.4853135
spoon 0.7322339999999999 0.21186200000000002 0.779734 0.26945600000000003
pizza 0.31385949999999996 0.7078665 0.5001565 0.9460675000000001
pizza 0.21818699999999996 0.546067 0.7452030000000001 0.921339
pizza 0.515953 0.4091845 0.886797 0.5822175
pizza 0.7346245 0.3532425 0.8414375000000001 0.39240549999999996
bowl 0.800813 0.398975 0.9507969999999999 0.466737
pizza 0.296203 0.48194600000000004 0.327203 0.5056700000000001
cell phone 0.32671849999999997 0.3093725 0.3670935 0.34089949999999997
person 0.0 0.009874500000000008 0.311656 0.5802515
bottle 0.405641 0.3729495 0.459641 0.5102085
fork 0.2889375 0.4410885 0.30996850000000004 0.47416349999999996
pizza 0.21589100000000003 0.7018195 0.484297 0.8919245
dining table 0.0038750000000000173 0.2597495 0.950563 0.9870085
