bench 0.264422 0.1620835 0.5376099999999999 0.2535005
person 0.532906 0.42052049999999996 0.682562 0.7119995
person 0.0518905 0.6311465 0.1729375 0.9850835
person 0.38439049999999997 0.5729585 0.5766095 0.8654375
person 0.4399375 0.5594995 0.6408904999999999 0.9360625
person 0.456078 0.043916500000000004 0.523656 0.1632915
person 0.8429375 0.417563 0.9577345 0.770417
person 0.6876255 0.243334 0.8240784999999999 0.542646
person 0.322797 0.3093125 0.523719 0.6052295
person 0.042608999999999994 0.07295849999999998 0.14704699999999998 0.4095415
person 0.10099949999999999 0.008291500000000007 0.2003905 0.2849165
person 0.6117969999999999 0.60225 0.805625 0.889896
person 0.31676499999999996 0.019187999999999997 0.387953 0.120292
tie 0.467062 0.0860205 0.492 0.1525415
tie 0.572203 0.10700050000000001 0.587375 0.16272950000000003
tie 0.6438595 0.027542 0.6559225 0.066292
tie 0.42346900000000004 0.090479 0.432375 0.130937
tie 0.347922 0.062625 0.355906 0.096229
sports ball 0.51575 0.603688 0.548828 0.6493960000000001
chair 0.2713595 0.1155835 0.3445785 0.2386665
chair 0.398453 0.1396455 0.46776500000000004 0.2389785
chair 0.353156 0.131667 0.424594 0.256563
chair 0.4459375 0.152854 0.5121565 0.230896
chair 0.48837500000000006 0.160021 0.5543910000000001 0.253917
chair 0.506656 0.0581875 0.5335780000000001 0.0903545
chair 0.5541875 0.067854 0.5777185 0.10004199999999999
chair 0.5940465 0.07831300000000001 0.6275775 0.113667
chair 0.24810900000000002 0.07645849999999998 0.270359 0.1750215
chair 0.318828 0.122333 0.384984 0.25533300000000003
chair 0.8210625 0.0248745 0.8722814999999999 0.08989549999999999
person 0.7391715 0.187083 0.7962345000000001 0.313875
tie 0.1618905 0.0263125 0.1690315 0.042041499999999996
chair 0.799516 0.017021 0.8275 0.083729
chair 0.747235 0.14400000000000002 0.781969 0.191708
person 5.000000000143778e-07 0.0 0.9781255 0.38125
