tie 0.6493909999999999 0.304259 0.664891 0.39475299999999997
person 0.741016 0.06946749999999996 0.9968279999999999 0.9877944999999999
person 0.7864685 0.005133499999999985 0.9999994999999999 0.3704185
person 0.3139525 0.06174950000000007 0.5771715 0.9440685
person 0.5420625 0.020228500000000038 0.7599995 0.9887455
person 0.6384845 0.0012924999999999742 0.8107814999999999 0.5800755
person 0.3961255 0.003383999999999998 0.6423285 0.35924
person 0.138078 0.0005699999999999872 0.287562 0.3173
person 0.171891 0.06631150000000002 0.41406299999999996 0.9606465
person 0.005546499999999996 0.021406499999999995 0.23693750000000002 0.9831175
tie 0.455172 0.343764 0.479156 0.46346000000000004
tie 0.30106299999999997 0.310989 0.325469 0.454981
tie 0.125266 0.2940685 0.148094 0.4051335
tie 0.8773124999999999 0.3405705 0.8925935 0.4219395
person 0.3277815 0.008098500000000008 0.44092250000000005 0.3068055
tie 0.7093754999999999 0.0002664999999999994 0.7279065 0.061977500000000005
