car 0.6201565 0.6349175 0.6770475 0.6847285000000001
car 0.5859065 0.6350115 0.6288755 0.6782265
car 0.5544224999999999 0.633286 0.5883595 0.6737120000000001
car 0.5212815 0.623002 0.5561564999999999 0.669172
car 0.4904535 0.634562 0.5531725 0.696832
car 0.4698755 0.6261935000000001 0.5031565 0.6881325
bus 0.6668755 0.3393145 1.0000005 0.8112295
person 0.7127185 0.5950584999999999 0.7589995 0.8169975
person 0.8340785000000001 0.5938534999999999 0.8981095 0.8702365
person 0.49798449999999994 0.6104014999999999 0.5316715 0.7620565
person 0.907485 0.5970690000000001 0.977297 0.904941
person 0.4372505 0.626028 0.4522035 0.68208
person 0.7983595 0.5927895 0.8214065 0.6284865000000001
backpack 0.5050935 0.6365255000000001 0.5286565 0.6815605
handbag 0.8920785 0.6391255 0.9193595000000001 0.7819864999999999
