person 0.06111950000000002 0.060968999999999995 0.5226325 0.9502189999999999
person 0.5384680000000001 0.125562 0.969804 0.8340780000000001
remote 0.30127750000000003 0.249078 0.3773085 0.357578
person 0.341002 0.10128150000000001 0.437446 0.2039065
person 0.1129865 0.066141 0.17870350000000002 0.136813
wine glass 0.612299 0.190813 0.633085 0.225391
wine glass 0.4000195 0.20381200000000002 0.4178385 0.232156
wine glass 0.4217095 0.2022185 0.4396665 0.23340550000000002
wine glass 0.595914 0.1800935 0.623694 0.2248745
remote 0.7078585 0.22138999999999998 0.7382715 0.294156
remote 0.4715325 0.164141 0.5014535 0.205547
remote 0.883477 0.252875 0.9155989999999999 0.283703
person 5.000000000005e-07 0.0554375 0.0628295 0.3635005
dining table 0.314499 0.179891 0.466699 0.235891
dining table 0.5307075 0.2145155 0.6652265 0.2306405
