boat 0.06404749999999998 0.501125 0.8764065000000001 0.579771
boat 0.513031 0.24058349999999998 0.7115469999999999 0.27270849999999996
boat 0.001390499999999996 0.2602505 0.0727035 0.28222949999999997
person 0.276078 0.4626455 0.306594 0.6008125
person 0.3799685 0.44164549999999997 0.4125775 0.6026665
person 0.470016 0.474687 0.513578 0.6411870000000001
person 0.5111720000000001 0.4762295 0.5615 0.5380005
person 0.620703 0.540313 0.6909529999999999 0.670417
person 0.6578595 0.4605 0.6946405 0.5527920000000001
person 0.7163590000000001 0.47293749999999996 0.755375 0.6187704999999999
boat 0.790437 0.2 0.839203 0.21695799999999998
person 0.8038125 0.467313 0.8361095000000001 0.6420629999999999
person 0.8260784999999999 0.46935400000000005 0.8491095 0.616166
truck 0.7854375 0.2020835 0.8548125 0.2449165
backpack 0.7409685 0.49856300000000003 0.7763595 0.578125
handbag 0.814641 0.49833299999999997 0.840203 0.585979
backpack 0.815703 0.49949999999999994 0.8409369999999999 0.575708
person 0.606422 0.4448335 0.651656 0.6221465
suitcase 0.50336 0.5037085 0.5513440000000001 0.5765414999999999
suitcase 0.3947345 0.5365005 0.4210935 0.5793335
suitcase 0.37720250000000005 0.5317705 0.3846715 0.5640415
person 0.49046850000000003 0.467042 0.5131555 0.5154380000000001
boat 0.37071899999999997 0.2397295 0.476141 0.2720625
