car 0.48970300000000005 0.516979 0.8071250000000001 0.656937
car 0.6376719999999999 0.48881250000000004 0.752328 0.5631875000000001
car 0.5078595 0.47618750000000004 0.5488285 0.5122085000000001
truck 0.612672 0.4046045 0.913828 0.5560215
traffic light 0.7409535 0.230208 0.7963285 0.348646
person 0.9504375 0.479958 0.9972185 0.624604
person 0.6756245 0.499938 0.6919995 0.518
traffic light 0.8051714999999999 0.4031875 0.8290625 0.4436665
traffic light 0.7909995 0.40587449999999997 0.8095465000000001 0.4434995
car -4.999999999866223e-07 0.44220899999999996 0.29714050000000003 0.798167
traffic light 0.007406500000000002 0.33827100000000004 0.0296255 0.395063
traffic light 0.3362965 0.41262550000000003 0.3549375 0.4408125
person 0.568063 0.475479 0.5903130000000001 0.513271
