boat 0.18253099999999997 0.48827099999999996 0.36054699999999995 0.694623
person 0.162391 0.739245 0.184485 0.917075
person 0.057265500000000004 0.7667919999999999 0.09221850000000001 0.97522
person 0.0311095 0.7781760000000001 0.060968499999999995 0.962862
person 0.1375315 0.7313205 0.16839050000000003 0.9110375
person 0.086781 0.7627355 0.111875 0.9379245
person 0.040125 0.6648109999999999 0.058359 0.776855
person 0.024905999999999998 0.6743085 0.041422 0.7788055
person 5.000000000005e-07 0.670818 0.0161095 0.7850320000000001
car 0.0237815 0.5194345 0.045172500000000004 0.5477675
person 0.1126715 0.7474525 0.15414049999999999 0.9717295
person 0.16114 0.516132 0.168234 0.53522
person 0.281766 0.5048425000000001 0.29243800000000003 0.5492135
