bicycle 0.40193999999999996 0.5302685 0.45602 0.6135815
bicycle 0.39562 0.5395519999999999 0.4077 0.58194
bicycle 0.39071999999999996 0.5199705 0.41242 0.5761195
traffic light 0.48486 0.20038750000000002 0.51996 0.3038805
handbag 0.7259399999999999 0.6576115 0.76354 0.7354624999999999
handbag 0.32805999999999996 0.5210745000000001 0.3766 0.6265075
person 0.7211 0.49611900000000003 0.76896 0.7548950000000001
person 0.6189 0.491851 0.6857800000000001 0.737761
person 0.14676 0.449612 0.23964000000000002 0.70606
person 0.31866 0.468716 0.37848 0.716686
person 0.89786 0.47779099999999997 0.9311600000000001 0.643015
person 0.85402 0.494806 0.8731199999999999 0.612388
person 0.81256 0.48077650000000005 0.83806 0.6137015
traffic light 0.55928 0.190477 0.6164000000000001 0.296925
person 0.30867999999999995 0.44304450000000006 0.33992 0.6396115
person 0.96038 0.5175825000000001 0.9840599999999999 0.6490155
person 0.66286 0.48167150000000003 0.6825399999999999 0.5547465
person 0.93594 0.48537349999999996 0.9575199999999999 0.6343584999999999
person 0.69274 0.4865975 0.7185 0.5759105
person 0.35248 0.45223850000000004 0.38878 0.5972535000000001
person 0.368 0.43880600000000003 0.85 0.650746
