person 0.270229 0.2812345 0.873073 0.9454374999999999
person 0.8543345 0.05393700000000001 0.9999994999999999 0.312359
person 0.7267425000000001 0.019421499999999994 0.8661695 0.2193905
person 0.49156 0.020437499999999997 0.69617 0.2587505
person 0.14513749999999997 -4.999999999866223e-07 0.5574764999999999 0.3662965
person 0.45291300000000007 0.0020005000000000023 0.5614450000000001 0.0978755
person 0.0 0.0033905000000000185 0.082982 0.3962815
bench 0.0 0.20895250000000004 1.0 0.9230935
backpack 0.171582 0.007016000000000008 0.375688 0.202422
backpack 0.41924300000000003 0.15125 0.576101 0.2885
backpack 0.06061950000000001 0.026968499999999992 0.1814225 0.18799949999999999
suitcase 0.0721555 0.2791715 0.2086925 0.4380625
handbag 0.9076605 0.23170300000000002 0.9999994999999999 0.30896900000000005
suitcase 0.5978895 0.35120300000000004 0.8397705 0.714797
suitcase 0.3995645 0.24929649999999998 0.5871335 0.3094995
