tv 0.05343150000000001 0.00107850000000001 0.18058849999999999 0.1791015
tv 0.3943955 0.17634049999999998 0.5713725 0.47284349999999997
person 0.4334315 0.308415 1.0000005 0.579101
person 0.5990679999999999 0.17861149999999998 0.803186 0.3447225
person 0.3167155 0.1019935 0.4119605 0.2783985
person 0.428137 0.135588 0.455751 0.183774
pizza 0.455507 0.6285945000000001 0.676373 0.7806695
pizza 0.12290849999999999 0.683105 0.2658495 0.802811
pizza 0.739363 0.591029 0.856177 0.647189
tv 0.235556 0.12256500000000001 0.303546 0.237353
laptop 0.04354549999999999 0.06078450000000002 0.2436765 0.2539055
person 0.00022849999999999954 0.1762415 0.0178755 0.2233005
pizza 0.8740365 0.6097555 0.9757355 0.6725165000000001
