airplane 0.071764 0.034218999999999986 0.8001199999999999 0.21770299999999998
person 0.3072775 0.35873450000000007 0.4819525 0.9181255
person 0.359914 0.0642505 0.398236 0.13418750000000002
person 0.3318495 0.0719535 0.3558565 0.11240649999999999
person 0.406798 0.10142200000000001 0.446284 0.161922
person 0.464709 0.1444535 0.497843 0.21342250000000001
person 0.569709 0.15432800000000002 0.6052230000000001 0.2535
person 0.7957875 0.1423905 0.8311645 0.2494995
person 0.525685 0.14771900000000002 0.556473 0.246063
person 0.8302395 0.131203 0.8693145 0.240891
backpack 0.603014 0.1669065 0.62512 0.2012815
backpack 0.544281 0.161313 0.570873 0.200375
handbag 0.435617 0.6205935 0.479983 0.7399065
handbag 0.564812 0.17218799999999998 0.5831339999999999 0.198188
backpack 0.378767 0.08175049999999999 0.399623 0.1129535
