cup 0.7626740000000001 0.550797 1.0 0.7406410000000001
fork 0.23286850000000003 0.795484 0.4100555 0.926484
knife 0.275933 0.7866409999999999 0.581337 0.908625
apple 0.555487 0.6870625 0.788245 0.8269535
apple 0.6665465 0.6573905 0.8389975 0.7380935
apple 0.25370499999999996 0.4938125 0.427967 0.5733435
orange 0.3661565 0.6001565 0.5770475 0.6855935
spoon 0.25066849999999996 0.8342185 0.3865455 0.9142655
orange 0.7811699999999999 0.7152965 0.981978 0.8143435000000001
person 0.31804999999999994 0.20978099999999997 0.755738 0.48560899999999996
bowl 0.09738200000000002 0.6320465000000001 0.7035100000000001 0.7491875
