person 0.307359 0.33932099999999993 0.49176499999999995 0.9865109999999999
person 0.7271559999999999 0.373045 0.875594 0.9865109999999999
person 0.6985315 0.386277 0.7582345 0.654731
person 0.8785940000000001 0.13894599999999996 1.0 0.9883839999999999
person 0.1169375 0.41728299999999996 0.22039050000000002 0.882459
person 0.2057965 0.43363050000000003 0.2794375 0.8085715
person 0.04842199999999999 0.47140499999999996 0.12425 0.868407
cell phone 0.6146095 0.5322009999999999 0.6295785 0.554613
cell phone 0.469031 0.545902 0.497109 0.5718500000000001
bowl 0.587672 0.630843 0.633594 0.666885
handbag 0.2989215 0.440562 0.3893745 0.949204
person 0.0014995000000000008 0.44719 0.0779685 0.925832
person 0.276922 0.4531145000000001 0.32993799999999995 0.7395315
person 0.7446094999999999 0.4576815 0.7630625 0.4900465
person 0.7482964999999999 0.4466985 0.7814995 0.5157615
cup 0.44120349999999997 0.5372605 0.4616565 0.5972835
book 0.562594 0.508126 0.6035159999999999 0.559414
person 0.513922 0.3682435 0.6611720000000001 0.6317565
handbag 0.267062 0.568103 0.28932800000000003 0.6375409999999999
cup 0.6118435 0.6033255000000001 0.6473745 0.6363465
dining table 0.483422 0.6701874999999999 0.82636 1.0000005
person 0.611391 0.416721 0.657797 0.519695
spoon 0.5252345 0.6135135 0.5365314999999999 0.6364405
cup 0.5238125 0.6367915 0.5500935 0.6673305
spoon 0.6435 0.589227 0.656406 0.612225
