cat 0.340781 0.453653 0.819609 0.945035
bottle 0.23710900000000001 0.661405 0.28735900000000003 0.767611
dining table -5.000000000143778e-07 0.6049410000000001 0.9976404999999999 0.989391
car 0.6512184999999999 0.265831 0.8179215 0.372037
person 0.32240599999999997 0.029297499999999976 0.65525 0.6713585
truck 0.1244375 0.22023449999999997 0.41681250000000003 0.41348949999999995
truck 0.8524845 0.2670025 0.9393755 0.3615455
cup 0.0523435 0.643279 0.1103125 0.735621
car 0.9399685 0.2711245 0.9999994999999999 0.36028150000000003
car 0.6254685 0.276229 0.6554055000000001 0.312131
