person 0.3512655 0.43170899999999995 0.5059845 0.691241
person 0.1934065 0.13032800000000003 0.2653755 0.568548
person 0.25860900000000003 0.14875849999999996 0.308703 0.3821075
person 0.495875 0.267939 0.555453 0.35262299999999996
surfboard 0.4615935 0.2177285 0.6254525 0.2967915
person 0.295078 0.165574 0.33149999999999996 0.372576
person 0.320453 0.1652225 0.357359 0.3853635
person 0.5032814999999999 0.29566699999999996 0.6010625 0.447845
person 0.508281 0.2630675 0.542265 0.3327865
person 0.7093435 0.27808 0.8053905 0.37405200000000005
person 0.112391 0.24960200000000002 0.191735 0.36260000000000003
person 0.4163595 0.25133449999999996 0.45642249999999995 0.3354795
person 0.555813 0.2382675 0.615547 0.3082205
person 0.491938 0.402435 0.6314219999999999 0.6301869999999999
person 0.001562999999999981 0.11709649999999999 0.696875 0.7915695
