airplane 0.596406 0.5096015 1.0 0.8143324999999999
airplane 0.08545249999999999 0.39606549999999996 0.5082655 0.8365104999999999
person 0.873203 0.6986185 0.904015 0.8553394999999999
person 0.9445315000000001 0.696932 0.9845625 0.855152
person 0.65525 0.6984079999999999 0.6895779999999999 0.863958
person 0.6802655 0.714051 0.7184685 0.8526929999999999
person 0.8259535 0.7147775 0.8560625 0.8599065
person 0.063875 0.592108 0.108891 0.7515459999999999
person 0.9247655 0.68445 0.9498745000000001 0.7687120000000001
person 0.4513595 0.732178 0.4569685 0.7489699999999999
person 0.22210950000000002 0.7092975 0.2574225 0.8448245
handbag 0.8342035 0.7525995 0.8543284999999999 0.7952925000000001
handbag 0.9339375000000001 0.742084 0.9492505 0.790726
person 0.926922 0.710047 0.9539059999999999 0.877565
handbag 0.6782815 0.7474005 0.6897504999999999 0.7904915
